 1.14720 
 0.52197 
 0.16128 
-0.19310 
-0.96595 
-0.63057 
-0.84068 
-0.31556 
 0.23129 
 0.30206 
 0.58324 
 0.54425 
 0.29157 
 0.21502 
-0.20663 
-0.73296 
-0.86508 
-0.59773 
-0.56847 
 0.20126 
-0.10812 
 0.12000 
 0.68799 
 0.53414 
 0.12890 
 0.05060 
-0.26441 
-0.05612 
-0.29603 
-0.07307 
-0.02959 
 0.31985 
 0.77237 
 0.36660 
 0.38256 
-0.30956 
-0.22199 
-0.98161 
-0.27908 
-0.16133 
-0.45680 
 0.45326 
 0.25881 
-0.15403 
 0.70084 
 0.08565 
 0.72379 
-0.11709 
-0.10249 
-0.37318 
-0.49716 
-0.03172 
 0.20126 
-0.07079 
 0.21312 
 0.62961 
 0.13027 
-0.05171 
 0.02255 
-0.69093 
-0.26745 
-0.64266 
-0.83125 
-0.02541 
 0.15573 
 0.59168 
 0.63182 
 0.63204 
 0.38309 
 0.30974 
-0.19242 
-0.14909 
 0.02575 
-0.20907 
-0.13282 
-0.03256 
-0.06745 
 0.18933 
-0.01150 
 0.10313 
-0.02306 
-0.30074 
-0.10842 
-0.51457 
-0.29443 
-0.13031 
-0.04176 
 0.43942 
 0.40073 
 0.28959 
 0.42916 
-0.12834 
-0.14354 
-0.42054 
-0.13191 
-0.36490 
-0.35426 
 0.40331 
 0.35854 
 0.16151 
 0.57191 
-0.34795 
 0.09355 
-0.07817 
-0.27170 
-0.39705 
-0.13852 
-0.54361 
-0.22655 
-0.15798 
-0.09725 
 0.59533 
 0.58301 
 0.30016 
 0.16501 
 0.17557 
 0.19207 
-0.06525 
-0.04092 
 0.11757 
-0.05156 
-0.02176 
 0.40590 
 0.27842 
 0.49111 
-0.29930 
-0.36589 
-0.28098 
-0.85421 
-0.27330 
 0.15163 
-0.36399 
 0.45576 
 0.08162 
-0.12507 
 0.38127 
-0.13807 
 0.06885 
-0.29207 
-0.09945 
-0.09094 
-0.53532 
 0.23882 
 0.49149 
 0.45196 
 0.97647 
 0.04444 
-0.15715 
-0.32674 
-0.75835 
-0.19949 
-0.68181 
-0.35798 
-0.21347 
 0.06254 
 0.61844 
 0.28138 
 0.80171 
 1.18361 
 0.22050 
 0.52281 
-0.36353 
-0.69138 
-0.59142 
-0.64881 
 0.07812 
-0.04153 
 0.35900 
 0.32327 
-0.17820 
 0.01472 
-0.67443 
-0.58200 
-0.48508 
-0.26585 
 0.52418 
-0.03339 
 0.46975 
 0.27622 
 0.23722 
 0.62140 
 0.39031 
-0.33533 
-0.20040 
-0.35235 
-0.98655 
-0.38694 
 0.29256 
 0.09325 
 1.10296 
 0.82079 
 0.27568 
 0.06512 
-0.41218 
-0.51009 
-0.64745 
-0.09930 
-0.14841 
-0.36984 
 0.29446 
 0.32585 
 0.38735 
 0.71232 
 0.06178 
 0.02354 
 0.03152 
-0.73897 
-0.58603 
-0.50484 
-0.35266 
 0.22544 
 0.18097 
 1.02360 
 0.19397 
 0.68738 
 0.29666 
-0.48333 
-0.41545 
-0.57934 
-0.66219 
 0.12084 
 0.07759 
 0.64489 
 0.32000 
 0.23631 
 0.32175 
-0.51115 
-0.02541 
-0.40207 
-0.20884 
 0.04635 
 0.07896 
 0.01358 
 0.88814 
 0.82634 
 0.46276 
 0.77609 
-0.33974 
-1.24576 
-1.63755 
-2.18858 
-0.51966 
 0.43767 
 0.98909 
 1.75000 
 1.46859 
 0.00515 
-0.06927 
-0.89723 
-0.86797 
-0.53335 
-0.29245 
-0.08569 
-0.15061 
-0.28409 
 0.75823 
 0.75542 
 1.20558 
 1.74833 
 0.30434 
-0.35806 
-1.13083 
-1.89387 
-1.76145 
-0.95561 
 0.11415 
 0.80756 
 1.52667 
 1.22473 
 0.63128 
 0.26953 
-0.71525 
-1.05185 
-0.43711 
-0.34749 
 0.14243 
 0.83212 
 0.25919 
 0.97024 
 0.51384 
 0.59077 
 0.18705 
-0.92338 
-1.15728 
-1.16952 
-1.17043 
-0.10052 
-0.06502 
 0.88829 
 1.31724 
 1.00262 
 0.69757 
-0.57554 
-0.65330 
-0.94132 
-0.92452 
-0.43491 
 0.36766 
 0.57617 
 0.83417 
 0.62041 
 0.86541 
-0.08782 
-0.12895 
-0.15297 
-0.83703 
-0.73714 
-0.47596 
-0.73722 
 0.15337 
 0.38720 
 1.14720 
 0.94705 
 0.54196 
 0.24543 
-0.58169 
-0.65300 
-0.33327 
-0.70947 
-0.01834 
 0.25577 
 0.52296 
 0.50031 
 0.31430 
 0.18439 
-0.69176 
-0.65292 
-0.55767 
-0.37052 
-0.15038 
 0.12320 
 0.16987 
 0.69635 
 0.93785 
 0.99616 
 0.32585 
 0.10951 
-1.23535 
-1.36184 
-2.08634 
-1.91553 
 0.56272 
 2.00100 
 1.49915 
 2.49001 
 1.41766 
-0.30097 
-0.29337 
-1.28225 
-1.31729 
-0.87215 
-0.64813 
-0.03089 
 0.11552 
 0.20940 
 0.54592 
 0.16447 
 0.78749 
 0.59502 
 0.04414 
-0.34582 
-1.01992 
-0.86272 
-0.92673 
-0.24852 
 1.00345 
 0.93641 
 1.97022 
 0.81653 
 0.09066 
-0.64661 
-1.34724 
-1.48825 
-0.49891 
 0.10921 
 0.80992 
 0.87894 
 0.37306 
 0.34288 
-0.21059 
-0.13571 
-0.56269 
-0.45520 
-0.36756 
-0.74414 
-0.03210 
 0.24475 
 0.39890 
 1.47650 
 1.10189 
 0.87339 
 0.17907 
-0.62016 
-1.24546 
-1.23565 
-1.09115 
-0.42092 
 0.20294 
 0.82003 
 0.55040 
 0.77678 
 0.23099 
-0.28128 
-0.43255 
-0.46364 
-0.46889 
 0.24208 
 0.09104 
 0.21016 
 0.54151 
 0.37998 
 0.67051 
 0.11430 
 0.30837 
-0.23126 
-0.91639 
-0.92581 
-0.74604 
-0.62495 
 0.31247 
 0.24581 
 1.00475 
 0.68731 
 0.14334 
-0.10751 
-0.90529 
-0.66637 
-0.36566 
-0.52476 
-0.02823 
 0.15930 
 0.85256 
 1.18042 
 0.57382 
 0.64398 
 0.84633 
-0.14575 
-0.66098 
-1.13311 
-0.79575 
-0.40557 
-0.20078 
 0.99661 
 0.74766 
 1.05560 
 0.41776 
-0.34080 
-0.99438 
-1.15789 
-0.83171 
-0.04624 
-0.27748 
 0.72471 
 0.44246 
 0.71809 
 0.63896 
-0.05628 
 0.20537 
 0.13870 
-0.27033 
-0.73676 
-0.75029 
-1.18875 
-0.40252 
 0.76074 
 0.98004 
 1.20581 
 0.56637 
 0.16744 
-0.51533 
-1.45496 
-1.34595 
-0.57364 
 0.36949 
 1.17046 
 1.02998 
 0.78324 
 0.58210 
 0.29013 
-0.11002 
-0.53388 
-0.32423 
-0.88355 
-0.57896 
-0.56596 
-0.25650 
-0.13450 
 0.89468 
 0.61281 
 0.75344 
 0.60110 
-0.68013 
-0.91950 
-0.98260 
-0.99142 
-0.10850 
 0.33870 
 0.96742 
 1.13815 
 0.85287 
 0.51072 
-0.11055 
-0.57455 
-0.53152 
-0.69891 
-0.41826 
 0.40635 
 0.04429 
 0.21084 
 0.17793 
 0.62938 
 0.27994 
 0.23281 
-0.65588 
-0.74110 
-0.92194 
-0.67960 
-0.29732 
 0.16577 
 0.76940 
 1.05841 
 1.02588 
 1.01691 
 0.03684 
-0.38785 
-0.73426 
-0.66630 
-0.38223 
-0.65512 
 0.07820 
-0.21728 
 0.26040 
 0.70943 
 0.39336 
 0.18462 
 0.09119 
-0.36224 
-0.24358 
-1.11015 
-0.44114 
 0.27363 
 0.96925 
 1.13070 
 1.11292 
 0.60369 
-0.22693 
-0.88758 
-0.97332 
-0.99544 
-0.18284 
-0.15646 
 0.12472 
 0.80369 
 0.06223 
 0.52859 
 0.58613 
-0.41294 
 0.02704 
-0.38709 
-0.63566 
-1.08575 
-0.63962 
 0.01921 
 0.67469 
 1.06495 
 0.90456 
 0.31688 
-0.04632 
-0.44585 
-0.48485 
 0.11172 
-0.01660 
-0.12347 
 0.13247 
-0.07224 
-0.09428 
 0.10001 
-0.09215 
 0.22065 
-0.79324 
-0.37189 
-0.72521 
-0.47246 
-0.11177 
 0.53824 
 1.09794 
 0.77343 
 0.63098 
 0.38971 
-0.33472 
 0.07401 
 0.01883 
-1.02273 
-0.08775 
-0.09953 
 0.12837 
 0.75146 
 0.30662 
 0.18097 
-0.15107 
-0.36338 
-0.31229 
-1.23489 
-0.20831 
-0.18679 
 0.09811 
 0.65249 
 0.23562 
 0.05364 
 0.42391 
 0.16751 
 0.37222 
 0.14988 
-0.17440 
-0.06623 
-0.35357 
-0.29177 
-0.04829 
-0.11481 
 0.32775 
 0.32357 
 0.13194 
 0.20925 
-0.92642 
-0.73091 
-0.42510 
-0.40587 
-0.23689 
 0.61783 
 0.55253 
 1.57410 
 1.17251 
 0.92759 
 0.57017 
-1.07610 
-1.22988 
-1.34793 
-1.05132 
 0.08405 
-0.19075 
 0.63524 
 0.32601 
 0.21031 
 0.51156 
-0.17752 
 0.21122 
 0.20681 
-0.13928 
-0.10911 
-0.69420 
-1.30528 
-0.03248 
-0.11618 
 0.56766 
 0.74926 
 0.55907 
-0.19622 
 0.15892 
-0.03697 
 0.19724 
 0.01054 
 0.36082 
 0.40483 
 0.49332 
 0.00940 
-0.40701 
-0.06144 
-0.63133 
-0.41720 
-0.38367 
-0.71297 
-0.56657 
-0.07855 
 0.12571 
 0.97997 
 0.69362 
 0.36226 
 0.48488 
 0.29066 
-0.32119 
-0.07345 
-0.39538 
-0.30933 
-0.25445 
 0.01936 
 0.18614 
 0.02331 
 0.35702 
-0.34643 
-0.22678 
 0.27660 
-0.56315 
 0.07455 
-0.01500 
 0.07044 
 0.24596 
 0.06900 
 0.02939 
 0.10184 
 0.23920 
 0.45021 
 0.14805 
 0.10974 
-0.12256 
-0.16711 
 0.06801 
-0.05764 
 0.21632 
 0.21654 
 0.09804 
-0.25984 
-0.19576 
-0.48082 
-0.45193 
-0.61750 
-0.16384 
-0.16543 
 0.21449 
 0.35626 
 0.07523 
 0.73261 
 0.30252 
 0.32943 
 0.31582 
-0.53707 
-0.26060 
-0.70339 
-0.15243 
-0.04062 
 0.23631 
 0.71475 
 0.65614 
-0.31762 
-0.54049 
-0.65459 
-1.07610 
-0.29656 
 0.47249 
 0.54835 
 0.24999 
 0.37557 
-0.12309 
 0.27181 
 0.31620 
 0.28671 
-0.35532 
-0.38208 
-0.74741 
-0.62806 
-0.02154 
 0.53558 
 1.17038 
 1.65977 
 0.84367 
 0.26717 
-0.27718 
-1.45397 
-1.01893 
-0.69822 
-0.96846 
 0.09127 
 0.17071 
 0.50274 
 0.64398 
 0.40529 
 0.24186 
-0.38717 
-0.22777 
 0.24725 
-0.18778 
-0.14620 
 0.24406 
-0.26509 
 0.32494 
 0.33999 
 0.46108 
 0.24870 
-0.23255 
-0.32803 
-0.73646 
-0.85489 
-0.48211 
-0.25247 
 0.53543 
 0.92987 
 0.88297 
 0.31293 
 0.00165 
 0.11423 
-0.13632 
 0.02734 
-0.42609 
-0.24396 
 0.02004 
-0.17866 
 0.12616 
 0.18690 
 0.08853 
 0.45014 
 0.15406 
-0.07467 
-0.25962 
-0.81126 
-1.21368 
-0.60511 
-0.33175 
 0.47978 
 0.44588 
 0.67393 
 0.75633 
 0.33505 
-0.23962 
-0.01150 
-0.42457 
-0.19561 
 0.12761 
-0.06152 
 0.22377 
-0.06023 
-0.03362 
 0.49917 
 0.35497 
 0.05189 
-0.39850 
-0.62320 
-0.21553 
 0.11810 
 0.76271 
 0.34227 
 0.37116 
-0.12112 
-0.77606 
-1.02988 
-0.71176 
-0.51275 
 0.28161 
 0.77959 
 0.47355 
 0.80353 
 0.86199 
-0.26517 
 0.43577 
 0.10518 
-0.49184 
-0.64235 
-1.23406 
-0.97446 
-0.20899 
-0.05323 
 0.87035 
 1.17570 
 0.63364 
 1.01235 
-0.04434 
-0.36132 
-0.89146 
-0.77409 
-0.06251 
 0.16303 
 0.47705 
 0.47081 
 0.18530 
 0.38910 
-0.02275 
-0.01698 
 0.09469 
-0.43027 
-0.54376 
-0.15373 
-0.31108 
-0.15745 
 0.11073 
 0.36029 
 0.44733 
 0.27850 
 0.02689 
-0.62996 
-0.71426 
-0.47086 
-0.45748 
 0.14714 
 0.37830 
 0.51992 
 0.79137 
 0.38089 
 0.55185 
 0.21822 
 0.23007 
-0.54779 
-0.60343 
-0.89997 
-0.55296 
-0.69739 
-0.27611 
-0.10188 
 0.33551 
 0.27386 
 0.63638 
 0.89369 
 0.75587 
 0.15733 
-0.33624 
-0.59834 
-0.50583 
 0.04832 
 0.35132 
 0.50130 
 0.75116 
 0.08679 
 0.15976 
-0.02868 
-0.63468 
-0.22366 
-0.08037 
-0.42191 
-0.42442 
 0.10237 
-0.23035 
 0.30822 
-0.04632 
-0.14483 
-0.30218 
 0.09682 
 0.04749 
 0.47735 
 0.90342 
 0.64185 
-0.31777 
-0.94010 
-1.07632 
-0.11435 
 0.38537 
 0.48967 
 0.60567 
 0.07166 
 0.12905 
-0.37105 
-0.65596 
-0.28911 
-0.11754 
 0.36531 
 0.63721 
-0.19234 
-0.13047 
-0.46387 
 0.14190 
 0.92584 
 0.99692 
 0.43691 
 0.59951 
-0.56208 
-1.02676 
-1.35013 
-1.14322 
 0.15193 
 1.10904 
 0.66298 
 0.69156 
-0.25087 
-1.01338 
-0.70818 
-0.34688 
 0.39518 
 0.65356 
 0.39997 
-0.27284 
-0.32674 
-0.23757 
-0.53228 
-0.03461 
 0.38948 
-0.25886 
 0.55838 
 0.13688 
-0.00382 
 0.23882 
 0.34851 
 0.58225 
 0.81387 
 0.37078 
-0.30963 
-0.81552 
-0.77302 
-0.91456 
-0.25597 
 0.06809 
 0.16333 
 0.69605 
 0.53680 
-0.50515 
-0.27353 
-0.36786 
-0.35235 
 0.49248 
 0.93352 
 0.47530 
 0.14638 
 0.23828 
-0.56474 
-0.07376 
-0.19379 
-0.04328 
-0.07338 
-0.08204 
-0.34871 
-0.28128 
-0.33175 
 0.30092 
 0.18887 
 0.82383 
 0.29256 
 0.04110 
-0.44965 
-0.85406 
-0.00261 
-0.28888 
 0.07500 
 0.76651 
 0.42300 
 0.77860 
 0.81980 
 0.41396 
 0.53588 
-0.15243 
-1.04280 
-1.78463 
-1.61520 
-0.85732 
-0.41628 
 0.75944 
 1.37236 
 1.28342 
 1.42283 
 0.08268 
-0.23430 
-0.91297 
-1.11084 
-0.75448 
-0.69138 
-0.01477 
 0.49567 
 0.68981 
 0.98901 
 0.76712 
 0.67811 
 0.24338 
-0.75265 
-0.84243 
-1.31060 
-1.24295 
-0.11177 
 0.30480 
 1.05560 
 1.40991 
 0.84086 
-0.25969 
-0.70491 
-0.98891 
-1.07473 
-0.80715 
-0.05590 
 0.54919 
 1.09878 
 1.03295 
 1.09475 
 0.82664 
 0.28374 
 0.19321 
-0.82920 
-1.02144 
-0.94771 
-0.57987 
-0.29800 
 0.49172 
 0.30419 
 0.33999 
 0.54911 
 0.25075 
-0.18246 
-0.27330 
-0.66303 
-0.92285 
-0.04814 
 0.22985 
 0.72653 
 0.70243 
 0.79525 
 0.26633 
-0.03051 
-0.56869 
-0.84752 
-0.97963 
-0.58587 
 0.01275 
 0.58012 
 0.70889 
 0.68457 
 0.52904 
 0.49377 
-0.07855 
-0.69739 
-0.93554 
-0.64289 
-0.25521 
 0.32426 
 0.35634 
 0.61958 
 0.79669 
 0.77092 
 0.33064 
-0.00002 
-0.19044 
-0.85147 
-1.00943 
-0.60807 
-0.55501 
 0.08473 
 0.67127 
 0.83554 
 1.29634 
 0.05668 
-0.92201 
-1.39635 
-1.56799 
-0.74566 
-0.16156 
 0.93063 
 1.46684 
 1.30326 
 1.43598 
 0.30016 
 0.04779 
-0.46052 
-1.29289 
-0.84167 
-0.79035 
-0.58831 
-0.18216 
-0.46767 
 1.05492 
 1.29710 
 1.37464 
 1.21288 
-0.55767 
-0.65634 
-1.42850 
-1.67130 
-0.56026 
-0.15152 
 0.70699 
 1.41021 
 1.35229 
 0.75739 
-0.16536 
-0.49625 
-0.64038 
-0.89693 
-0.26988 
-0.25011 
-0.07817 
 0.39480 
 0.48070 
 0.40217 
 0.44003 
 0.10579 
-0.34293 
-0.75493 
-0.72475 
-0.62168 
-0.51221 
 0.61524 
 0.72911 
 1.11238 
 1.47148 
 0.78666 
 0.15315 
-0.28364 
-0.89822 
-1.12672 
-0.86059 
-0.64235 
-0.24342 
 0.44444 
 0.58484 
 0.49111 
 0.77807 
 0.03456 
 0.10313 
-0.69488 
-0.72985 
-0.73403 
-0.29055 
-0.22913 
 0.50282 
 0.65097 
 1.12363 
 0.39381 
 0.24056 
 0.05874 
-0.86044 
-0.53950 
-0.31321 
-0.31039 
 0.31483 
 0.04467 
 0.31704 
 0.48214 
-0.03309 
-0.27041 
-0.67078 
-0.73129 
-0.71518 
-0.48462 
-0.02579 
 0.60346 
 1.08114 
 0.98126 
 0.95085 
 0.13217 
 0.26451 
-0.11420 
-0.81597 
-0.61590 
-0.36140 
 0.29628 
 0.23205 
 0.24011 
 0.20689 
-0.12195 
-0.07019 
-0.10812 
 0.12152 
-0.78838 
-0.27117 
-0.24913 
-0.50043 
 0.13133 
 0.12639 
 0.46686 
 1.42283 
 0.96301 
 0.30039 
-0.59918 
-1.06781 
-0.72901 
-0.68872 
 0.08283 
 0.45462 
 0.37199 
 0.80825 
 0.25029 
 0.17831 
-0.65961 
-0.70043 
-0.40161 
-0.09664 
-0.41286 
 0.01320 
 0.12221 
 0.47332 
 0.71581 
 0.99912 
 0.59388 
 0.16006 
 0.12631 
-0.37600 
-0.66463 
-0.76238 
-0.87488 
-0.34377 
-0.12803 
 0.07835 
 0.99676 
 0.24049 
 0.05615 
-0.23651 
-0.58983 
-0.21347 
-0.48698 
-0.37478 
 0.21312 
 0.25622 
 0.67400 
 0.25174 
 0.53839 
-0.10219 
-0.09482 
 0.19830 
-0.27649 
-0.41073 
-0.06601 
-0.08676 
 0.45326 
 0.44839 
 0.48906 
 0.25463 
-0.03887 
-0.10827 
-0.68409 
-0.55585 
-0.80305 
-0.43042 
-0.22146 
 0.46230 
 0.53307 
 0.41297 
 0.37450 
 0.30548 
 0.46770 
 0.10837 
 0.11187 
-0.25475 
-0.60267 
-0.42404 
-0.47793 
 0.18773 
 0.52076 
 0.55299 
 0.33984 
-0.46022 
-0.48287 
-0.52050 
-0.79218 
 0.00788 
 0.41586 
 0.19860 
 0.48374 
 0.29507 
 0.36956 
 0.58636 
 0.55048 
 0.12418 
-0.12499 
-0.75174 
-0.55896 
-0.48477 
 0.29849 
 0.21784 
 0.53315 
 0.42376 
-0.02176 
-0.09854 
-0.50902 
-0.81863 
-0.30910 
-0.53608 
-0.19835 
 0.25311 
 0.30746 
 0.64968 
 0.57351 
 0.51331 
 0.22293 
-0.42145 
-0.21446 
-0.65520 
-0.35616 
 0.01594 
-0.13769 
 0.04171 
 0.22148 
 0.39989 
 0.35588 
 0.26268 
 0.08032 
-0.66896 
-0.81126 
-0.55045 
-1.11859 
 0.43577 
 0.28534 
 0.78415 
 1.13602 
 0.41844 
 0.16706 
-0.13936 
-0.69853 
-0.36475 
 0.01799 
 0.30221 
-0.00253 
 0.57974 
 0.54645 
 0.30449 
 0.25029 
-0.48645 
 0.06178 
-0.17623 
-0.75166 
-0.67892 
-0.97340 
-0.39325 
 0.36044 
 0.38446 
 0.62672 
 0.98460 
 0.56675 
-0.20694 
 0.03228 
-0.39416 
-0.79127 
-0.47512 
 0.23388 
 0.27044 
 0.63045 
 0.21297 
 0.19534 
 0.17078 
-0.40807 
-0.96595 
-1.25397 
-0.73137 
-0.13655 
 0.92394 
 1.09908 
 1.35533 
 0.06930 
 0.54508 
 0.18766 
-0.17684 
-0.11025 
-0.20382 
-0.99400 
-0.57333 
-0.36642 
-0.49359 
 0.34311 
 0.87560 
 0.94865 
 0.75732 
 0.17192 
-0.78488 
-1.49319 
-0.88036 
-0.72787 
-0.18649 
 0.35413 
 0.55603 
 0.54577 
 0.70274 
 0.80589 
-0.03864 
-0.43833 
-0.24525 
-0.61674 
-0.15510 
 0.46625 
 0.01411 
 0.67241 
 0.45949 
 0.24102 
 0.31346 
-0.59834 
-0.76960 
-0.63194 
-1.04440 
-0.06806 
-0.36756 
 0.43410 
 0.84215 
 0.78430 
 1.21219 
 0.38256 
-0.05225 
-0.35760 
-0.93319 
-0.37432 
-0.73942 
-0.41119 
 0.23327 
 0.35291 
 0.59373 
 0.86716 
 0.42635 
 0.01564 
-0.27452 
-0.51252 
-0.69138 
-0.82813 
-0.15958 
-0.27436 
 0.33718 
 0.62642 
 0.41205 
 0.71627 
 0.70289 
-0.17950 
 0.31529 
-0.32628 
-0.55258 
 0.14509 
-0.19044 
 0.25638 
 0.40103 
 0.02977 
 0.24497 
-0.28797 
-0.38101 
-0.42373 
-0.93478 
-0.28888 
-0.42449 
-0.17068 
 0.37663 
 0.90380 
 0.84200 
 0.81311 
 0.44398 
-0.40024 
-0.98708 
-1.34496 
-1.70535 
 0.02825 
 1.17061 
 0.39640 
 1.53701 
 1.67376 
-0.29360 
 0.27219 
-0.77508 
-1.09784 
-0.60442 
-1.00844 
-0.75189 
-0.47398 
-0.65474 
 0.57724 
 0.65424 
 1.46532 
 1.41979 
 0.70927 
 0.52707 
-0.86090 
-0.89062 
-0.82357 
-0.62776 
 0.63364 
 0.48176 
 0.91322 
 1.09376 
 0.02316 
-0.04723 
-0.91517 
-1.32345 
-0.71609 
-0.57789 
 0.05341 
 0.60947 
 0.22384 
 1.04473 
 0.68221 
 0.43592 
-0.31328 
-0.57151 
-0.38170 
-0.70750 
-0.26957 
-0.13396 
 0.14843 
 0.65454 
 1.24670 
 0.81798 
 0.19822 
-0.60168 
-0.85086 
-1.27776 
-0.58815 
-0.67337 
-0.33700 
 0.41289 
 0.44277 
 1.09133 
 1.08791 
 0.49172 
 0.51384 
-0.06464 
 0.12882 
-0.45079 
-1.15014 
-0.54209 
-0.35608 
-0.19956 
 0.60711 
 0.56910 
 0.26953 
 0.36379 
-0.42677 
-0.40131 
-0.53783 
-0.85725 
-0.21978 
 0.09864 
 0.36880 
 0.65249 
-0.00801 
 0.29492 
-0.10455 
-0.01272 
-0.30751 
-0.46433 
-0.55539 
-0.02290 
 0.13293 
 0.82885 
 1.53807 
 0.90228 
 0.80118 
 0.04483 
-1.01065 
-1.36131 
-2.12952 
-1.06409 
 0.26344 
 0.63387 
 1.16293 
 1.35845 
 0.37336 
 0.29750 
-0.43445 
-0.35661 
-0.59781 
-0.55539 
-0.32096 
-0.30659 
 0.21616 
 0.29841 
 0.75557 
 0.62117 
 1.14629 
 0.49985 
 0.16592 
-0.65923 
-1.51858 
-1.33067 
-1.32155 
-0.65436 
 0.83288 
 0.84572 
 1.63491 
 1.25970 
 0.23714 
-0.12013 
-0.90255 
-0.52529 
-0.35540 
-0.02214 
 0.42878 
 0.45652 
 0.71726 
 0.42285 
 0.39556 
 0.41487 
-0.88925 
-0.72057 
-0.81688 
-1.61740 
-0.76808 
-0.05095 
 0.26132 
 1.24974 
 1.07993 
 1.12082 
 0.10792 
-0.34650 
-0.72589 
-0.94976 
-0.78199 
-0.30355 
 0.16280 
 0.47370 
 0.72919 
 0.61357 
 0.95404 
 0.42665 
 0.13984 
-0.73859 
-1.36541 
-0.95310 
-0.85086 
-0.38413 
 0.62573 
 0.46914 
 1.24389 
 0.72676 
 0.02780 
 0.16622 
-0.69868 
-0.76922 
-0.27816 
-0.49276 
 0.38758 
 0.21768 
 0.39921 
 0.73831 
 0.81630 
 0.35459 
 0.05896 
-0.55281 
-0.14058 
-0.90590 
-1.03687 
-0.20428 
-0.30127 
 0.87742 
 0.80581 
 0.41335 
 0.67446 
 0.07151 
-0.39257 
-1.43785 
-1.36283 
-0.19249 
-0.18299 
 1.13344 
 1.97143 
 1.11003 
 0.53862 
 0.48336 
-0.22784 
-1.13501 
-1.34998 
-1.10483 
-1.01012 
 0.19298 
 0.13582 
 0.10039 
 0.60460 
 0.90532 
 0.64352 
 0.98924 
 0.20560 
-0.59636 
-0.60305 
-0.71609 
-1.14443 
-0.01469 
 0.71558 
 0.92668 
 1.43112 
 0.69726 
-0.16726 
-1.16792 
-1.47898 
-1.28096 
-0.24122 
 0.01085 
 0.44801 
 0.28336 
 0.54280 
 0.23159 
 0.60696 
 0.18089 
-0.36817 
-0.58838 
-0.37410 
-0.64745 
-0.05407 
-0.00892 
 0.73535 
 1.34020 
 1.00338 
 0.80300 
 0.08542 
-0.90605 
-1.02091 
-0.83178 
-0.91228 
-0.20587 
-0.15114 
 0.30259 
 0.65675 
 0.75884 
 0.13179 
-0.20321 
-0.42183 
-0.24373 
-0.37873 
 0.15459 
 0.00385 
 0.40696 
 0.75618 
 0.78620 
 0.53695 
 0.34182 
-0.35942 
-0.79302 
-0.80601 
-1.07594 
-0.70491 
-0.29360 
 0.07850 
 0.67514 
 1.33252 
 0.69438 
 0.58423 
-0.01181 
-0.14879 
-0.54331 
-0.71023 
-0.44281 
-0.25680 
-0.19736 
 0.52935 
 0.59768 
 1.12189 
 0.78597 
 0.20545 
 0.32943 
-0.87397 
-1.40623 
-1.21977 
-0.92346 
 0.63364 
 0.64459 
 0.99410 
 1.13428 
-0.21948 
-0.40078 
-0.90856 
-1.05930 
-0.23476 
 0.14881 
 0.16409 
 0.79669 
 0.02597 
 0.53588 
 0.49742 
 0.40514 
 0.52790 
-0.17068 
-0.17113 
-1.32862 
-1.30840 
-0.19516 
-0.47261 
 0.52904 
 0.98711 
 0.56295 
 0.16136 
-0.33274 
-0.48743 
-0.51670 
-0.35083 
 0.12738 
 0.12745 
 0.57655 
 0.10936 
 0.39997 
 0.41327 
 0.06831 
-0.05475 
 0.22050 
-0.17668 
-0.11283 
 0.23030 
-0.16908 
 0.35770 
 0.44056 
-0.11101 
-0.01698 
 0.02582 
-0.34703 
-0.93927 
-1.10369 
-0.31746 
-0.32058 
 0.43699 
 0.71216 
 0.50426 
 1.24594 
 0.88168 
 0.47165 
 0.12396 
-0.74915 
-0.43886 
-0.70362 
-0.54718 
-0.58785 
-0.39933 
-0.16064 
-0.11709 
 0.61030 
 0.11582 
 0.24345 
 0.17626 
 0.14669 
 0.16006 
 0.08139 
-0.35509 
 0.47036 
 0.41038 
 0.65667 
 0.50487 
 0.12799 
-0.09063 
-0.43498 
-0.79089 
-0.54171 
-0.84851 
-0.33654 
 0.14022 
 0.34516 
 0.89300 
 0.62353 
 0.40666 
-0.00588 
-0.79803 
-1.01209 
-0.81909 
-0.63544 
-0.21043 
 0.43380 
 1.02193 
 0.83371 
 0.52121 
 0.35816 
 0.04376 
-0.20253 
 0.33688 
-0.48059 
-0.18048 
-0.80275 
-0.60260 
-0.14955 
 0.14258 
 0.17245 
 0.83409 
 0.37747 
 0.24034 
-0.22807 
-0.33746 
-0.41378 
-0.35585 
-0.22054 
 0.40339 
 0.52243 
 0.02301 
 0.75101 
 0.25121 
-0.07140 
 0.06930 
-0.49207 
-0.51275 
-0.17364 
-0.10956 
 0.26740 
 0.03517 
-0.02564 
 0.22772 
 0.06786 
-0.34369 
-0.05840 
-0.57364 
-0.36444 
-0.00420 
 0.19176 
 0.13984 
 0.69019 
 0.48526 
 0.44512 
 0.73375 
 0.27964 
-0.02488 
-0.30796 
-0.50553 
-0.88872 
-0.34224 
-0.35570 
 0.15109 
 0.14334 
 0.24779 
 0.47568 
 0.44938 
-0.34004 
-0.08524 
-0.25080 
-0.23544 
-0.19668 
-0.21720 
-0.13123 
 0.37321 
 0.30358 
 0.50768 
 0.37390 
 0.22460 
-0.06661 
-0.40420 
-0.47930 
-0.57728 
-0.35273 
-0.13624 
-0.03492 
 0.25014 
 0.31217 
 0.03426 
-0.35676 
-0.22860 
-0.75691 
-0.19546 
 0.22711 
 0.35611 
 1.46129 
 0.51285 
 0.66557 
-0.33639 
-1.11236 
-0.40184 
-0.40891 
 0.25858 
 0.59023 
 0.37504 
 0.11772 
 0.12647 
 0.61266 
 0.24072 
 0.22909 
 0.04156 
-0.52080 
-0.74011 
-1.40068 
-1.25747 
-0.55022 
 0.49248 
 1.40451 
 1.17380 
 0.91877 
 0.42414 
-0.09367 
-0.43301 
-0.84060 
-0.90134 
-0.40123 
 0.42878 
 0.59875 
 0.07401 
 0.06299 
-0.02747 
-0.51343 
 0.37139 
 0.00195 
-0.33077 
-0.28972 
-0.36885 
-0.15228 
 0.17694 
 0.71011 
 1.00862 
 0.93481 
 0.83789 
 0.09743 
-0.63034 
-0.62935 
-0.90271 
-0.67884 
 0.19001 
-0.00466 
 0.07683 
 0.07424 
-0.18945 
 0.22886 
-0.19158 
 0.06299 
-0.42191 
-0.59492 
-0.18664 
-0.24076 
-0.36756 
 0.17542 
 0.13179 
 1.17206 
 0.65447 
 0.20803 
 0.05478 
-0.36642 
-0.58055 
-0.36414 
-0.14643 
 0.23828 
 0.36667 
 0.48092 
 0.31323 
 0.12601 
 0.10146 
-0.50340 
-0.06281 
-0.20253 
-0.30819 
-0.43901 
-0.24647 
-0.12036 
 0.45166 
 0.61935 
 0.75990 
 0.48153 
-0.13822 
-0.73616 
-0.23065 
-0.42852 
 0.33475 
 0.45934 
 0.63182 
-0.03697 
-0.84691 
-1.15318 
-0.74779 
-0.20139 
 0.45173 
 0.66625 
 0.60681 
 0.68305 
 0.00317 
-0.12218 
 0.02096 
 0.07249 
-0.11618 
-0.18216 
-0.46661 
-0.21933 
-0.23970 
 0.25280 
 0.52669 
 1.28114 
 0.74325 
 0.45706 
-0.13488 
-0.98617 
-0.97180 
-1.12011 
-0.23119 
 0.19648 
 0.33429 
 0.18773 
-0.19994 
-0.08440 
-0.41970 
-0.17448 
 0.42916 
 0.20826 
 0.49909 
 0.38849 
-0.06228 
 0.15710 
 0.23760 
-0.10667 
 0.09834 
-0.31458 
-0.47626 
-0.47641 
-0.27657 
-0.53008 
 0.29203 
 0.36166 
 0.24589 
 0.33505 
 0.00606 
-0.08288 
-0.21994 
-0.27368 
-0.00846 
 0.07850 
 0.21305 
-0.09520 
 0.00074 
 0.02035 
 0.36052 
 0.41882 
 0.12274 
 0.36956 
 0.52691 
 0.39442 
-0.01736 
-0.33404 
-0.78602 
-0.43491 
-0.33571 
-0.55577 
-0.33449 
-0.30865 
-0.34384 
 0.36500 
 0.44018 
 0.72881 
 0.54067 
 0.48944 
 0.28397 
 0.01700 
-0.12902 
-0.51913 
-0.17813 
 0.24923 
-0.43954 
-0.33799 
-0.10204 
-0.56611 
 0.58210 
 0.20256 
 0.92919 
 0.79289 
-1.01452 
-0.88553 
-1.74381 
-0.58032 
 0.81060 
 0.61768 
 1.80405 
 1.33214 
 1.11991 
 0.30913 
-1.18715 
-0.82646 
-0.65596 
-0.73357 
-0.17341 
-0.93706 
-0.65870 
 0.09568 
 0.16805 
 1.00642 
 1.27787 
 0.45310 
 0.12616 
-0.83216 
-1.36108 
-1.02669 
-0.85824 
 0.50943 
 1.04937 
 1.39759 
 1.06024 
-0.02116 
-0.20298 
-0.94869 
-1.00548 
-0.12841 
-0.18565 
 0.50593 
 0.24330 
 0.29020 
 0.96841 
 0.12905 
 0.23684 
 0.15512 
-0.63209 
-0.38785 
-0.80487 
-0.58618 
-0.40405 
 0.25949 
 0.93276 
 0.60255 
 0.60954 
 0.15573 
-0.77682 
-0.56497 
-0.38550 
-0.54885 
 0.24832 
 0.37747 
 0.52015 
 0.80247 
 0.62239 
 0.00248 
-0.09246 
-0.46729 
-0.64517 
-0.64615 
-0.34627 
-0.35083 
-0.21066 
 0.48769 
 0.36880 
 0.65378 
 0.80186 
 0.37724 
 0.02939 
-0.17197 
-0.56801 
-0.33327 
-0.25779 
 0.57746 
 0.74409 
 0.30670 
 0.58970 
-0.44813 
-0.60503 
-0.71989 
-0.97218 
-0.48637 
-0.96048 
-0.16817 
 0.09674 
 1.05469 
 1.29429 
 1.40170 
 1.19022 
-0.32795 
-1.15546 
-1.55727 
-2.01116 
-0.55098 
 0.30389 
 1.36217 
 1.87451 
 1.68105 
 0.74219 
-0.57135 
-0.81977 
-1.44378 
-1.13554 
-1.01528 
-0.53053 
-0.43666 
 0.30267 
 0.42285 
 1.18650 
 1.46243 
 1.28258 
 0.47127 
-0.32598 
-1.49061 
-1.66795 
-1.01886 
-0.01865 
 0.96560 
 1.84996 
 1.53967 
 0.65432 
-0.29101 
-0.89913 
-1.52079 
-1.27374 
-0.92042 
 0.05638 
 0.67780 
 0.81737 
 0.86457 
 0.82983 
 0.74280 
 0.28921 
-0.57820 
-1.02798 
-1.32155 
-1.00495 
-0.36862 
 0.30723 
 0.85492 
 0.88943 
 1.82305 
 0.91923 
 0.21958 
-0.96884 
-1.27153 
-1.18563 
-1.10498 
-0.21636 
-0.09565 
 0.58605 
 1.08669 
 0.70023 
 0.94143 
-0.07277 
-0.26851 
-0.27672 
-0.66113 
-0.46828 
-0.10797 
 0.23722 
 0.34539 
 0.67963 
 0.86891 
 0.52821 
-0.17349 
-0.58800 
-1.46697 
-0.99560 
-0.74946 
-0.22647 
 0.66412 
 1.00862 
 0.81874 
 1.16103 
 0.06710 
-0.53190 
-1.14253 
-0.97188 
-0.91829 
-0.06000 
 0.02628 
 0.58066 
 1.66806 
 1.27316 
 1.06358 
 0.18348 
-0.99742 
-0.64745 
-1.54412 
-0.84349 
-0.77606 
 0.19572 
 0.96567 
 0.88434 
 0.86875 
 0.44961 
-0.00261 
-0.87131 
-0.49207 
-0.72726 
-0.87511 
 0.09325 
 0.42186 
 0.20005 
 1.62435 
 1.50994 
 0.96750 
 0.19229 
-0.78123 
-1.77369 
-1.67951 
-0.99757 
-0.68956 
 0.39814 
 1.20132 
 1.15343 
 1.02421 
 0.78666 
-0.20542 
-0.24616 
-0.65657 
-0.82661 
-0.57949 
-0.30142 
-0.10424 
 0.36257 
 0.60825 
 1.12356 
 0.70259 
 0.24877 
-0.36011 
-0.92483 
-0.84326 
-0.37295 
-0.43255 
 0.53246 
 0.54166 
 0.47484 
 0.39670 
-0.26509 
-0.10348 
-0.26950 
-0.58876 
-0.23537 
-0.44988 
-0.28151 
 0.16919 
 0.51498 
 1.11565 
 1.05096 
 0.69422 
 0.01982 
-0.43939 
-0.95158 
-1.18807 
-0.86052 
-0.21431 
-0.00458 
 0.62497 
 0.47188 
 0.44717 
 0.20096 
-0.20162 
-0.44540 
-0.44411 
-0.28987 
-0.03568 
-0.09664 
 0.36743 
 0.33976 
 0.33026 
 0.50236 
 0.44657 
-0.16559 
-0.10074 
-0.28387 
-0.03712 
-0.20420 
 0.01047 
 0.88054 
 0.43919 
 0.26960 
 0.33748 
 0.09819 
-0.55516 
-0.89206 
-1.04288 
-0.57394 
-0.29337 
 0.27105 
 0.26626 
 0.71247 
 0.53604 
 0.57830 
 0.14129 
 0.03000 
 0.20864 
-0.18892 
-0.07900 
-0.59887 
-1.12368 
-0.49823 
-0.27261 
 0.26078 
 0.77130 
 0.48860 
 0.16554 
-0.42069 
-0.43453 
-0.23347 
-0.25741 
 0.46192 
 0.59761 
 0.90623 
 0.69042 
-0.02785 
 0.12738 
-0.33031 
-0.00671 
 0.07211 
-0.16399 
-0.63293 
-0.61073 
-0.73927 
-0.01203 
 0.13148 
 0.53566 
 0.32076 
 0.16227 
 0.10518 
-0.19941 
-0.46037 
-0.32400 
-0.28098 
-0.26220 
 0.39404 
 0.28344 
 0.05303 
 0.20491 
-0.09094 
 0.05227 
 0.14988 
-0.13031 
-0.19029 
-0.26745 
-0.08425 
-0.18117 
 0.25181 
-0.08835 
 0.47682 
 0.42901 
 0.21730 
 0.11316 
-0.11040 
-0.33890 
-0.18824 
-0.34430 
-0.02891 
-0.16467 
 0.34737 
 0.35664 
 0.56477 
 0.40613 
 0.00028 
-0.15890 
-0.26927 
 0.15885 
-0.31701 
-0.01789 
 0.00446 
-0.40169 
-0.12347 
 0.11385 
 0.26694 
 0.19655 
 0.11073 
-0.55182 
-0.46265 
-0.91722 
-0.52742 
 0.65188 
 0.55907 
 1.06753 
 0.67035 
 0.40681 
-0.19363 
-0.40595 
-0.14438 
-0.03187 
-0.75691 
 0.13551 
-0.54528 
-0.27330 
 0.36424 
 0.49195 
 0.69073 
 0.47462 
 0.15626 
-0.56003 
-0.90210 
-0.66022 
-0.52628 
-0.01089 
 0.66526 
 0.71551 
 0.58469 
 0.06717 
-0.01477 
-0.09390 
-0.13130 
-0.20222 
-0.21363 
-0.26501 
-0.02404 
-0.30371 
-0.02199 
-0.12423 
 0.30389 
 0.03251 
 0.01670 
-0.22442 
-0.74330 
-0.32925 
-0.16376 
-0.15312 
 0.60855 
 0.72858 
 0.96355 
 0.57655 
 0.30366 
 0.11301 
-0.63133 
-0.04495 
-0.50256 
-0.36003 
 0.32684 
 0.16797 
 0.54470 
-0.14506 
 0.18401 
 0.33057 
-0.30218 
-0.30325 
-0.74429 
-0.53677 
-0.14468 
-0.31944 
 0.04718 
 0.39670 
 0.48184 
 0.80673 
 0.49795 
-0.14080 
-0.59500 
-0.58139 
-0.71822 
 0.02118 
-0.31883 
 0.40027 
 0.64094 
 0.66769 
 0.58195 
-0.19478 
-0.27429 
-0.42829 
-0.15274 
-0.36695 
-0.34878 
-0.04206 
-0.16939 
 0.40194 
 0.84306 
 1.08517 
 1.10379 
 0.08040 
-0.23613 
-1.39931 
-1.34762 
-1.01612 
 0.04794 
 0.31278 
 0.55131 
 1.66091 
 0.04916 
-0.18383 
-0.24707 
-1.41976 
-0.32985 
-0.36026 
-0.50887 
-0.19652 
-0.23780 
 0.27979 
 0.66625 
 0.73086 
 0.87924 
 0.77130 
 0.63204 
 0.06619 
-0.77667 
-0.90787 
-1.29913 
-0.12096 
 0.18644 
 1.07833 
 0.64314 
 0.66800 
 0.31711 
-0.36026 
-0.69001 
-0.57744 
-0.90787 
-0.09345 
 0.22582 
 0.38051 
 0.77442 
 0.74667 
 0.38309 
 0.07592 
-0.58017 
-0.57037 
-0.45574 
-0.90050 
-0.64775 
 0.02278 
 0.34942 
 0.36705 
 0.96377 
 0.51346 
 0.51703 
 0.21183 
-0.44669 
-0.75060 
-0.69077 
-0.53426 
 0.09720 
 0.19222 
 0.59495 
 0.63052 
 0.68761 
 0.22050 
 0.04019 
-0.12971 
-0.74056 
-0.56520 
-0.01386 
-0.16916 
 0.30389 
 0.36591 
 0.38165 
 0.67750 
 0.20415 
-0.03644 
-0.50089 
-0.92977 
-0.82335 
-0.76915 
-0.38983 
 0.29590 
 0.65280 
 0.75656 
 0.53946 
 0.38355 
-0.37972 
-0.29025 
-0.32301 
-0.49283 
-0.20785 
 0.20552 
-0.01614 
 0.42011 
 0.82755 
 0.55466 
 0.60620 
-0.12598 
-1.26629 
-1.33447 
-2.25836 
-0.32408 
 0.91870 
 0.37534 
 2.06303 
 1.64464 
 0.36166 
 0.11012 
-0.68811 
-0.79758 
-0.47139 
-0.71958 
-0.14468 
 0.28861 
 0.31916 
 0.68267 
 0.46002 
 0.40521 
 0.84032 
 0.45827 
 0.01989 
-1.14307 
-1.12163 
-1.71386 
-1.38198 
-0.44274 
 0.59381 
 1.21356 
 1.76429 
 1.30371 
 0.98825 
-0.47535 
-0.84569 
-1.11935 
-1.07678 
-0.03370 
 0.15847 
 0.70380 
 0.78476 
 0.29225 
-0.14673 
-0.24137 
-0.79636 
-0.56345 
-0.48683 
-0.25422 
-0.25080 
 0.63052 
 0.90912 
 0.56606 
 1.32895 
 1.03675 
 0.40042 
-0.42062 
-1.55446 
-1.47122 
-0.89138 
-0.43833 
 0.40993 
 0.68738 
 0.70699 
 0.74439 
 0.21350 
-0.23985 
-0.79096 
-0.52354 
-0.62533 
-0.33191 
 0.34516 
 0.00043 
 0.31255 
 0.48047 
 0.31057 
 0.32623 
 0.24482 
-0.31138 
-0.39150 
-0.58625 
-0.48120 
-0.08775 
 0.46055 
 0.77123 
 0.97183 
 0.66359 
 0.51011 
-0.43392 
-1.11182 
-0.81711 
-0.65474 
-0.17037 
 0.08929 
 0.25721 
 0.41335 
 0.68609 
 0.88434 
 0.31810 
 0.24520 
-0.70856 
-1.06515 
-1.03801 
-1.38631 
-0.40564 
 0.65356 
 1.07498 
 1.00672 
 2.39195 
 0.36310 
-0.23628 
-0.57120 
-1.35013 
-1.22744 
-0.67116 
-0.39964 
 0.29583 
 0.04885 
 0.83341 
 0.47028 
 0.56348 
 0.44831 
 0.30206 
 0.07789 
-0.45323 
-0.54171 
-0.53069 
-0.31853 
 0.47431 
 0.87233 
 1.36042 
 0.66298 
 0.06968 
-0.91814 
-1.22030 
-1.42098 
-0.96625 
-0.20451 
 0.35421 
 0.78483 
 0.76636 
 0.85180 
 0.16668 
-0.00960 
-0.55942 
-0.34422 
-0.58701 
-0.41978 
-0.18147 
 0.01845 
 0.30130 
 0.72227 
 0.88578 
 0.66291 
-0.07976 
-0.25422 
-1.02927 
-1.25686 
-0.60898 
-0.15745 
 0.39959 
 0.77906 
 0.87848 
 0.59388 
 0.13840 
-0.44654 
-0.47063 
-0.49716 
-0.47041 
-0.22807 
 0.24254 
 0.67636 
 0.83842 
 0.58324 
 0.84359 
 0.10427 
-0.36049 
-0.28881 
-0.75752 
-1.16481 
-0.20382 
-0.25270 
-0.24928 
 0.22855 
 0.91946 
 0.51992 
 0.56074 
 0.20666 
-0.47938 
-0.49207 
-0.33221 
-0.40595 
-0.48371 
 0.17040 
 0.16485 
 0.68647 
 1.01949 
 0.67416 
 0.10815 
-0.20192 
-0.72019 
-0.95987 
-0.85489 
-0.33738 
-0.34620 
 0.77267 
 1.25925 
 0.72129 
 0.55945 
 0.01898 
-0.57759 
-0.48409 
-1.10050 
-0.41172 
-0.35760 
 0.47804 
 0.77609 
 0.77381 
 0.74166 
 0.53748 
-0.33814 
-0.27109 
-0.53517 
-1.17902 
-1.10909 
-0.80366 
-0.23636 
 0.57344 
 1.19904 
 0.77161 
 0.70046 
-0.06433 
-0.28964 
-0.76763 
-0.09778 
-0.26676 
-0.19440 
 0.57952 
 0.39381 
 0.49446 
 0.74318 
-0.00930 
 0.16417 
-0.05590 
-0.82038 
-0.85200 
-0.96025 
-0.67367 
 0.49385 
 0.62520 
 1.13032 
 0.77260 
 0.43364 
-0.06593 
-0.94277 
-0.76269 
-0.86614 
-0.64425 
 0.20286 
 0.36629 
 0.52258 
 1.06343 
 0.12639 
 0.75154 
 0.31795 
-0.35859 
-0.38071 
-0.74482 
-1.21072 
-0.31146 
-0.10705 
 0.56431 
 0.98316 
 0.53094 
 0.55185 
 0.33155 
-0.51670 
-0.48196 
-0.70149 
-0.49511 
-0.01424 
 0.27774 
 0.50472 
 0.90950 
 0.41076 
 0.33558 
 0.17656 
-0.18535 
-0.58770 
-1.08833 
-0.63696 
-0.78572 
-0.11853 
 0.45660 
 0.56317 
 1.26487 
 0.93322 
-0.07581 
 0.09104 
-1.10529 
-1.38715 
-1.12847 
-0.17129 
 0.69156 
 0.92113 
 1.00862 
 0.87256 
 0.13270 
-0.00595 
-0.36117 
-0.61392 
-0.12172 
-0.36383 
-0.36018 
-0.22921 
-0.28531 
 0.06847 
 0.36044 
 0.63835 
 0.26687 
 0.14311 
-0.71252 
-1.15766 
-0.48409 
-0.40450 
 0.67248 
 1.08228 
 0.88487 
 1.08129 
 0.36979 
-0.44525 
-0.51868 
-0.73045 
-0.44205 
-0.26775 
 0.05379 
 0.15702 
 0.58453 
 0.55641 
 0.52251 
 0.53300 
-0.32666 
-0.52605 
-0.80845 
-0.85755 
-1.14793 
-0.19690 
 0.07417 
 0.86032 
 1.65422 
 0.99768 
 0.73063 
 0.08998 
-0.84524 
-0.57052 
-0.70187 
-0.67025 
-0.09694 
 0.13521 
-0.13282 
 0.21875 
-0.18079 
 0.12761 
-0.25551 
 0.10237 
-0.05339 
 0.02293 
 0.19161 
 0.00134 
 0.64443 
 0.59229 
 0.56971 
 0.70312 
-0.02062 
-0.47786 
-0.11382 
-1.06766 
-0.78557 
-0.86379 
-0.29413 
 0.43805 
 0.57100 
 0.63904 
 0.46504 
 0.03395 
 0.11499 
-0.62935 
-0.42731 
-0.31458 
-0.98807 
-0.05833 
 0.10982 
 0.46800 
 1.18711 
 0.38887 
 1.37920 
 0.06064 
-0.67489 
-0.83923 
-1.74526 
-0.63004 
 0.17253 
 0.59388 
 1.28577 
 0.77366 
 0.37549 
 0.41221 
-0.43080 
-0.06167 
-0.63452 
-0.72597 
-0.49648 
-0.85451 
-0.37546 
 0.25759 
 0.35687 
 0.87848 
 1.15047 
 0.88867 
 0.15140 
-0.30401 
-0.31739 
-0.90666 
-0.50332 
 0.25007 
-0.06806 
 0.71102 
 0.38765 
 0.29385 
 0.00180 
-0.90871 
-0.81939 
-0.67124 
-0.38542 
 0.11826 
 0.41031 
 0.79000 
 0.50016 
 0.68655 
 1.10007 
-0.05042 
 0.41198 
-0.69891 
-0.89282 
-0.67215 
-0.63870 
-0.33708 
 0.48001 
 0.35284 
 0.74173 
 0.60437 
-0.09405 
-0.55159 
-0.46471 
-0.75083 
-0.22891 
-0.14134 
 0.06147 
 0.33467 
 0.35276 
 0.35603 
 0.42825 
 0.13794 
 0.33163 
 0.17314 
-0.21576 
-0.15806 
-0.73661 
-0.62008 
-0.02876 
 0.12768 
 0.39503 
 0.34075 
 0.58598 
-0.54011 
-0.79955 
-0.34726 
-0.97462 
-0.01926 
 0.09005 
 0.45371 
 0.59890 
 0.47302 
 0.49582 
 0.39199 
-0.05407 
 0.05113 
-0.40040 
-0.33875 
-0.03514 
 0.08473 
 0.73694 
 0.88935 
 0.43995 
 0.33840 
-0.52681 
-1.17203 
-1.24143 
-0.67420 
-0.47155 
-0.22647 
 0.75580 
 0.50707 
 0.91117 
 1.07012 
 0.35953 
 0.71900 
 0.00720 
-1.26370 
-1.08742 
-1.53546 
-0.56938 
-0.08303 
 0.76074 
 1.12645 
 0.95701 
 0.72410 
 0.32669 
-0.46258 
-0.91760 
-1.28415 
-0.81810 
 0.15558 
 0.16189 
 0.97168 
 0.66040 
 0.87134 
 0.55033 
 0.38378 
-0.30013 
-0.45642 
-0.61164 
-0.31382 
-0.15000 
-0.40009 
 0.05341 
 0.56895 
 0.39875 
 0.49499 
-0.39272 
-0.64517 
-0.64539 
-0.67390 
-0.53190 
 0.02871 
 0.09705 
 0.35056 
 0.57260 
 0.68290 
 0.27013 
 0.34668 
-0.08813 
-0.51647 
-0.39006 
-0.28934 
-0.10401 
-0.08394 
 0.21213 
 0.77784 
 0.92599 
 0.55990 
 0.38119 
-0.41560 
-0.50568 
-0.96967 
-1.00616 
-0.70271 
 0.02118 
-0.08106 
 0.62292 
 0.97282 
 0.35352 
 0.45128 
 0.26124 
 0.00887 
 0.11643 
-0.64805 
-0.31678 
-0.64805 
-0.16163 
 0.14372 
 0.63554 
 0.56180 
 0.13323 
-0.53084 
-0.76071 
-0.89640 
-0.78777 
 0.47743 
 0.59632 
 1.25172 
 1.15510 
 0.32654 
-0.62152 
-1.26971 
-0.23666 
-0.00603 
 0.28222 
 0.69757 
 0.11400 
 0.83037 
 0.17436 
-0.39074 
 0.72752 
-0.09398 
-0.46197 
-0.51183 
-1.36457 
-1.09882 
-0.64904 
-0.08060 
 1.07825 
 1.30949 
 0.94561 
 0.24482 
-0.64387 
-0.95364 
-0.83087 
-0.16923 
 0.43691 
 0.80300 
 0.93702 
 0.06428 
 0.17778 
-0.55965 
-0.20116 
-0.32157 
-0.17881 
 0.00530 
-0.45292 
-0.43118 
-0.44943 
-0.30089 
 0.63379 
 0.62505 
 0.53049 
 0.53490 
-0.30241 
-0.45612 
-0.63574 
-0.43438 
 0.24725 
 0.76568 
 0.64063 
 0.91284 
 0.13080 
-0.03735 
-0.24099 
 0.10579 
 0.17466 
-0.25954 
 0.11978 
-0.41119 
-0.77751 
-0.33312 
-0.95668 
-0.18117 
 0.11514 
 0.25014 
 0.67811 
 0.51924 
 0.06033 
-0.01158 
-0.08987 
 0.27796 
 0.10701 
 0.26633 
 0.33908 
-0.19021 
 0.18409 
-0.58671 
-0.25445 
-0.07520 
-0.27049 
 0.00180 
-0.09877 
-0.55258 
-0.67952 
-0.25528 
 0.31552 
 0.87978 
 0.58066 
 0.44991 
 0.13597 
 0.52562 
 0.81828 
 0.31787 
 0.42673 
-0.11207 
-0.43962 
-1.22265 
-2.11735 
-0.64669 
-0.51997 
 0.35398 
 1.38589 
 1.06609 
 0.82048 
-0.00778 
-0.83931 
-0.38869 
-0.25506 
-0.40207 
-0.43673 
-0.08326 
-0.45087 
-0.00481 
 0.13201 
 0.82132 
 1.08669 
 0.66838 
 0.32046 
-0.26311 
-1.10019 
-0.51161 
-0.26494 
 0.70844 
 1.10341 
 0.61714 
 0.05714 
-0.37486 
-0.95470 
-1.04204 
-0.62745 
-0.51077 
 0.10693 
 0.47781 
 0.30267 
 0.53049 
 0.67750 
 0.05554 
 0.40164 
 0.09902 
-0.24403 
-0.04138 
-0.82091 
-0.43027 
 0.21434 
 0.31597 
 0.78590 
 0.24322 
 0.26421 
-0.49146 
-0.74292 
-0.68637 
-0.49937 
-0.21614 
 0.08595 
 0.68320 
 0.52258 
 0.75276 
 0.61372 
 0.17937 
-0.27193 
 0.12479 
-0.37486 
-0.21431 
 0.19465 
 0.16227 
 0.09652 
 0.24459 
-0.20481 
-0.20610 
-0.32583 
-0.24730 
-0.60001 
-0.56535 
-1.06447 
-0.32917 
 0.05440 
 0.64892 
 1.14895 
 0.71011 
 0.46542 
 0.25706 
-0.50788 
 0.04992 
-0.69473 
-0.59142 
 0.15588 
-0.19918 
 0.43121 
 0.98787 
 0.92675 
 0.45812 
 0.14000 
-1.18351 
-1.50421 
-1.44659 
-0.89974 
 0.12768 
 1.05256 
 1.34742 
 1.41789 
 0.86222 
-0.14217 
-0.54194 
-0.63772 
-0.50264 
-0.57820 
-0.40344 
 0.16143 
 0.06839 
 0.07424 
 0.50631 
 0.72372 
 0.95480 
 0.91094 
-0.06699 
-1.35188 
-1.63602 
-1.58380 
-0.81582 
 0.38401 
 1.24435 
 1.30759 
 1.47011 
 0.40324 
-0.28554 
-1.16177 
-0.44487 
-0.16574 
-0.10759 
 0.45379 
 0.13072 
-0.16452 
 0.75557 
 0.03988 
 0.29552 
 0.32563 
-0.55380 
-0.56596 
-0.79940 
-0.90681 
-0.28721 
 0.23167 
 0.89308 
 0.91011 
 0.95503 
 0.29469 
-0.45376 
-0.63475 
-0.79530 
-0.64767 
-0.06829 
 0.33802 
 0.64459 
 0.81858 
 0.39252 
 0.40605 
-0.45110 
-0.43308 
-0.66288 
-0.43331 
-0.70263 
-0.21728 
-0.51754 
 0.14988 
 0.62323 
 0.58484 
 0.64307 
 0.19039 
-0.16102 
-0.23506 
-0.29952 
-0.63240 
 0.13718 
 0.42369 
 0.81136 
 1.17905 
 0.42521 
-0.04883 
-0.23043 
-0.80822 
-0.99035 
-1.05869 
-0.66508 
 0.02073 
 0.19556 
 0.89164 
 1.06252 
 0.64489 
 0.41479 
-0.51670 
-0.60678 
-0.60571 
-0.97173 
-0.51366 
 0.20879 
 0.71467 
 1.16195 
 1.24784 
 0.55360 
 0.22186 
-0.62046 
-0.67360 
-0.78024 
-0.63118 
-0.77158 
-0.34893 
 0.08390 
 0.31932 
 0.60437 
 0.81037 
 0.55390 
 0.39374 
 0.06489 
-0.57736 
-1.13083 
-0.64182 
-0.15084 
 0.68708 
 1.14256 
 1.30972 
 0.30039 
 0.38325 
-0.84683 
-1.14755 
-0.50477 
-0.75296 
-0.52438 
 0.38545 
-0.15327 
 0.23038 
 0.28587 
 0.06550 
 0.65371 
 0.01206 
 0.11286 
-0.15281 
-0.22701 
-0.47755 
 0.13323 
 0.26512 
 0.28830 
 0.36888 
 0.54288 
 0.09530 
 0.00271 
-0.53669 
-0.63437 
-0.57607 
-0.40739 
-0.17174 
 0.38727 
 0.30799 
 0.65644 
 0.41563 
-0.15243 
-0.34825 
-0.55866 
-0.85998 
-0.12515 
-0.29413 
 0.39670 
 0.29666 
 0.50107 
 0.84990 
 0.31103 
 0.22658 
 0.18713 
-0.03894 
-0.22298 
 0.12130 
 0.10488 
-0.16178 
-0.45703 
 0.10807 
 0.11636 
 0.21860 
-0.25361 
-0.45452 
-0.74946 
-0.74634 
-0.00823 
 0.01784 
 0.21791 
 1.32431 
 0.42452 
 0.44033 
 0.66344 
-0.37014 
 0.21700 
-0.02914 
-0.81992 
-0.41621 
-0.46106 
-0.42609 
-0.30507 
-0.14529 
 0.13528 
-0.40579 
 0.33627 
-0.00329 
 0.26063 
 0.53824 
 0.54318 
-0.30796 
-0.01219 
 0.18180 
 0.23980 
 0.93557 
 0.43972 
 0.17808 
-0.04016 
-0.66797 
-0.67937 
-0.89176 
-0.76725 
-0.24107 
 0.22141 
 0.15619 
 0.23502 
 0.45189 
-0.02214 
 0.45675 
 0.06056 
-0.15836 
 0.15619 
-0.59462 
-0.43506 
-0.33730 
-0.22875 
 0.57716 
 0.08025 
 0.46717 
 0.83409 
 0.19252 
-0.06677 
 0.01351 
-0.39758 
-0.07117 
-0.32187 
 0.13984 
 0.01761 
-0.18071 
-0.11595 
 0.23258 
-0.12438 
 0.11339 
-0.49975 
-0.23864 
-0.35874 
 0.17778 
 0.32661 
 0.18142 
 0.79479 
 0.28747 
 0.40248 
 0.36614 
-0.37691 
-0.08980 
-0.09846 
-0.34521 
-0.22070 
-0.70126 
-0.62776 
-0.03887 
 0.42832 
 0.26793 
 0.70205 
 0.07067 
-0.45543 
-0.11040 
-0.28029 
-0.25551 
 0.32335 
 0.15604 
 0.41289 
 0.45744 
 0.40415 
 0.33216 
 0.32175 
-0.38299 
-0.51130 
-0.49169 
-1.13220 
 0.07592 
 0.20134 
 0.68632 
 0.90927 
-0.13259 
-0.18071 
-0.19204 
-1.12216 
-0.23970 
 0.00347 
-0.37569 
-0.07946 
 0.16713 
 0.28777 
 1.06009 
 0.92151 
 1.01858 
 0.60544 
-0.11526 
-0.99119 
-1.50855 
-1.10202 
-0.68515 
-0.30690 
 0.97138 
 0.69620 
 0.63744 
-0.01112 
-0.02739 
-0.42594 
-0.85444 
-0.13130 
-0.41096 
 0.12206 
 0.57610 
 0.36713 
 0.53292 
 0.59882 
 0.31749 
 0.66838 
-0.31511 
-0.24312 
-0.92566 
-0.80480 
-0.22450 
 0.10936 
 0.98924 
 0.89977 
 0.32851 
 0.70030 
-0.39386 
-0.64289 
-1.11965 
-1.32375 
-0.25407 
 0.02643 
 0.50723 
 0.72250 
 0.69103 
 1.08167 
 0.33566 
 0.44968 
-0.16665 
-0.91897 
-0.71282 
-0.67352 
-0.76915 
-0.55934 
 0.17063 
 0.40392 
 0.63402 
 0.50981 
 0.41783 
-0.39226 
-0.36984 
-0.41058 
-0.29724 
 0.20271 
 0.41183 
 0.47393 
 0.85127 
 0.41776 
 0.34440 
-0.05529 
-0.39538 
-0.39941 
-0.35410 
-0.37797 
-0.47922 
-0.20732 
 0.29765 
 0.80718 
 0.62953 
 0.55914 
-0.64228 
-0.90035 
-1.58631 
-1.92237 
 0.01442 
 0.46580 
 0.36135 
 2.07770 
 1.58383 
 0.74439 
 0.09309 
-0.77272 
-0.66212 
-0.45353 
-0.16171 
-0.46197 
-0.54353 
 0.13559 
-0.25156 
 0.16645 
 1.14591 
 0.60665 
 0.98377 
 0.05030 
-0.82669 
-0.76968 
-1.55218 
-0.76550 
 0.37663 
 0.43798 
 1.78466 
 0.89604 
 0.20210 
 0.14950 
-0.69754 
-0.60374 
-0.15563 
-0.48021 
 0.35740 
 0.49339 
 0.30153 
 0.11278 
-0.14962 
-0.35844 
-0.39834 
-0.44525 
-0.34643 
-0.93630 
-0.70339 
-0.09269 
 0.26892 
 1.13336 
 1.55456 
 1.42405 
 0.99190 
 0.32076 
-0.82882 
-0.99028 
-0.96572 
-0.56413 
-0.57402 
 0.55131 
 0.21525 
 0.04901 
 0.56317 
 0.01716 
-0.13518 
 0.08222 
-0.35593 
-0.45741 
-0.54794 
-0.29268 
-0.14263 
 0.12206 
 0.45211 
 0.78803 
 0.66997 
 0.51597 
-0.06654 
-0.20686 
-0.83665 
-0.73897 
-0.53631 
-0.01272 
 0.72281 
 0.49050 
 0.48359 
 0.42384 
-0.33449 
-0.79096 
-0.49754 
-0.86135 
-0.17022 
-0.25445 
 0.33292 
-0.08889 
 0.77062 
 1.22489 
 0.95154 
 0.94910 
-0.14042 
-0.91137 
-1.05352 
-2.03670 
-0.64767 
 1.37996 
 0.24026 
 1.45118 
 2.72330 
-0.00512 
-0.11678 
-0.92840 
-1.60851 
-0.69800 
-1.37111 
-0.49009 
-0.52339 
-0.26722 
 0.18857 
 0.67910 
 0.99547 
 1.37327 
 1.32796 
 0.97974 
-0.15662 
-0.31298 
-1.88323 
-1.42204 
-0.04898 
-0.12210 
 0.83212 
 1.36795 
 0.36827 
-0.39067 
-0.68112 
-1.46727 
-0.57151 
-0.48128 
 0.36257 
 1.10129 
 1.09581 
 0.88419 
 0.61129 
 0.31856 
