 0.06867 
 0.23101 
-0.06697 
 0.11952 
 0.02335 
-0.14586 
 0.46015 
 0.29035 
 0.25620 
 0.61599 
 0.47866 
 0.22328 
-0.56123 
-0.47448 
-0.59292 
-0.71084 
-0.65577 
-0.09249 
-0.30215 
 0.35886 
 0.59112 
 0.75968 
 0.48099 
 0.18951 
 0.41606 
-0.10242 
-0.10651 
-0.77382 
-0.28995 
-0.12865 
 0.25854 
 0.41411 
 0.10971 
-0.02950 
-0.22800 
-0.19657 
-0.72122 
-0.34890 
-0.43325 
-0.07171 
 0.18120 
 0.62923 
 0.79208 
 0.39782 
 0.77910 
 0.13581 
 0.49879 
 0.06114 
-1.17893 
-0.44585 
-0.05067 
-0.05132 
 0.17309 
-0.68207 
-0.45150 
-1.00173 
-1.02628 
 0.72111 
 0.88981 
 0.39327 
 0.92818 
 0.53119 
-0.16118 
-0.24540 
-0.76544 
-0.13333 
-0.05022 
 0.18834 
 0.01433 
-0.35085 
-0.73090 
-0.16807 
 0.08569 
 0.69267 
 1.06798 
 0.72137 
 0.63742 
-0.14203 
-0.15657 
-1.23276 
-0.46591 
-0.18281 
-0.08664 
 0.87013 
 0.15244 
-0.00171 
-0.20865 
-0.66889 
-0.00658 
-0.13697 
 0.27548 
 0.03049 
-0.05593 
-0.07249 
 0.14711 
 0.09666 
 0.46015 
-0.10138 
 0.47872 
 0.13932 
-0.54058 
-0.27417 
-0.65954 
 0.43126 
 0.11491 
 0.12906 
 0.53424 
-0.11632 
 0.04913 
-0.29488 
-0.09171 
 0.05471 
-0.03242 
 0.42567 
 0.05257 
 0.46392 
-0.12606 
-0.03223 
-0.00639 
-0.19904 
 0.34905 
 0.14211 
 0.12120 
-0.28534 
-0.71343 
-0.35988 
-0.54377 
-0.17261 
 0.04270 
 0.21217 
 0.03309 
 0.26295 
 0.22646 
-0.22949 
 0.35477 
 0.02816 
 0.30211 
 0.10205 
-0.42013 
-0.17521 
-0.28358 
-0.22027 
-0.10327 
 0.09387 
 0.56028 
-0.04450 
 0.53937 
-0.31319 
-0.15982 
 0.35542 
-0.39773 
 0.38009 
-0.06547 
-0.55208 
-0.74395 
-0.87752 
 0.16718 
 0.55112 
 0.54846 
 1.06253 
 0.53015 
-0.08723 
-0.26423 
-0.80531 
 0.17633 
-0.39007 
 0.41275 
 0.32236 
-0.15359 
 0.34938 
-0.49318 
-0.32326 
-0.26436 
 0.48684 
 0.36840 
 0.10030 
-0.18742 
-0.04859 
-0.32384 
-0.22534 
 0.15815 
 0.72988 
 0.81572 
 0.50521 
-0.07190 
-0.55656 
-1.13393 
-0.57506 
-0.15060 
 0.17997 
 0.59495 
 0.27724 
 0.39496 
-0.15391 
-0.49851 
-0.08827 
-0.45715 
 0.22010 
 0.21166 
 0.10367 
 0.37074 
-0.02132 
 0.05939 
 0.22594 
 0.12413 
 0.09289 
-0.10703 
-0.10891 
-0.55824 
-0.57636 
 0.16679 
-0.28209 
 0.41132 
 0.47054 
 0.39463 
 0.10205 
-0.51065 
-0.86511 
-0.24573 
-0.14521 
-0.04022 
 0.72929 
 0.20399 
 0.35353 
 0.03446 
 0.14822 
-0.15398 
-0.16534 
-0.15502 
-0.26495 
 0.05075 
-0.12697 
-0.17086 
 0.32600 
 0.45723 
 0.49171 
 0.14101 
-0.01515 
-0.30176 
-0.30150 
-0.71954 
-0.39085 
 0.20614 
 0.23938 
 0.43210 
 0.21425 
-0.00983 
-0.06457 
-0.46896 
 0.07874 
-0.35520 
 0.39450 
 0.11387 
-0.01398 
 0.36723 
 0.09582 
 0.25587 
 0.50736 
 0.91766 
-0.34949 
-0.46215 
-0.67058 
-0.95959 
-0.59467 
-0.05028 
-0.12969 
 0.96305 
 0.91039 
 0.29633 
 0.33178 
-0.15411 
-0.22384 
-0.22845 
 0.02407 
-0.20566 
-0.38527 
 0.19737 
-0.00015 
 0.60125 
 0.30977 
-0.04216 
-0.11762 
-0.47344 
-0.92174 
-0.63214 
-0.30228 
 0.09328 
 0.71865 
 0.61631 
 0.84955 
 0.35399 
 0.04452 
-0.55818 
-0.16424 
-0.53662 
-0.51240 
-0.08463 
 0.18964 
 0.30347 
 0.22393 
 0.64170 
 0.05465 
 0.24107 
 0.04783 
-0.57857 
-0.53662 
-0.42267 
-0.17398 
-0.35312 
 0.45535 
 0.44398 
 0.45768 
-0.02606 
-0.20683 
-0.29293 
-0.58915 
-0.89524 
-0.44046 
 0.18205 
 0.72001 
 1.08785 
 0.99513 
 0.98545 
 0.07744 
 0.21347 
-0.27183 
-0.23878 
-0.75927 
-0.61883 
 0.02056 
 0.10406 
-0.16086 
 0.02017 
-0.01463 
 0.28782 
 0.02063 
-0.23060 
-0.07190 
-0.31657 
 0.05725 
 0.09160 
 0.17328 
 0.30412 
 0.14198 
 0.34632 
 0.03238 
-0.17872 
 0.01283 
-0.45065 
-0.36527 
-0.45468 
-0.37955 
-0.33137 
 0.22828 
 0.65774 
 0.35951 
 0.32977 
 0.16185 
-0.15989 
-0.26397 
-0.07995 
 0.05582 
 0.39145 
 0.87059 
 0.05153 
 0.15536 
 0.17925 
-0.26138 
-0.59844 
-0.82057 
-0.72012 
-0.22774 
-0.48442 
 0.44859 
 0.27399 
 0.42502 
 1.05954 
 0.26133 
 0.72813 
-0.64740 
-0.59344 
-0.66902 
-0.85024 
-0.15437 
-0.14209 
 0.29711 
 0.27737 
 0.21354 
 0.59826 
-0.10534 
 0.43574 
-0.06294 
-0.35663 
 0.13913 
-0.55961 
 0.05335 
 0.03984 
 0.25328 
 0.32061 
 0.30470 
 0.38444 
-0.58526 
-0.31871 
-0.25884 
-0.19605 
-0.09229 
 0.04322 
 0.23698 
 0.53924 
 0.34379 
 0.46099 
 0.14127 
-0.45046 
 0.05673 
-0.76389 
-0.31040 
-0.38059 
-0.05327 
 0.38100 
 0.51463 
 0.40541 
 0.33847 
-0.16274 
-0.30501 
-0.38429 
-0.40436 
-0.26105 
-0.02652 
 0.05549 
 0.40100 
 0.56028 
 0.58534 
 0.09400 
 0.35003 
-0.20722 
-0.21774 
-0.02307 
-0.56597 
-0.35722 
-0.09424 
-0.10989 
-0.02833 
 0.12698 
-0.02061 
 0.66527 
-0.37455 
 0.67631 
 0.03764 
-0.49455 
-0.31793 
-0.77824 
 0.41554 
-0.07190 
 0.40652 
 0.52710 
 0.33171 
 0.20166 
-0.06586 
-0.11586 
-0.35014 
-0.26397 
-0.66707 
-0.05898 
-0.22761 
-0.75512 
 0.07316 
 0.38321 
 0.52404 
 0.48866 
 0.17601 
 0.29678 
-0.64084 
-0.11508 
-0.48273 
-0.63805 
 0.77884 
 0.16133 
 1.00084 
 0.48969 
 0.27341 
 0.03472 
-0.27696 
-0.30754 
-0.12034 
 0.01653 
-0.23579 
 0.17276 
-0.18248 
 0.23769 
-0.22274 
 0.08504 
-0.25267 
-0.12567 
 0.03147 
-0.50149 
 0.04342 
 0.08608 
 0.26847 
 0.53177 
 0.76267 
 0.18549 
-0.24754 
-0.45689 
-0.70252 
-0.82219 
-0.93446 
 0.06458 
 0.17159 
 0.63878 
 0.43853 
 0.82682 
 0.39963 
-0.10008 
 0.05842 
-0.04574 
-0.04437 
-0.16385 
-0.10534 
 0.04861 
 0.10296 
 0.09653 
 0.21458 
 0.19341 
 0.09686 
 0.05257 
-0.07905 
-0.72915 
-0.74070 
-0.26443 
-0.10749 
 0.48340 
 0.29840 
 0.12309 
 0.51632 
-0.19391 
-0.52513 
-0.39247 
-0.57422 
-0.30637 
-0.20761 
-0.17878 
 0.56891 
 0.35399 
 1.32635 
 0.97584 
 0.77390 
 0.01537 
-1.25984 
-1.76761 
-1.24237 
-0.52344 
 0.13594 
 1.14564 
 1.17324 
 1.45881 
 0.63027 
 0.27821 
-0.35780 
-1.03426 
-0.41306 
-1.13601 
-0.73752 
-0.26527 
 0.18776 
 0.58235 
 1.06149 
 1.29115 
 0.83293 
 0.05049 
-0.96875 
-1.10199 
-1.41035 
-0.35585 
-0.08762 
 0.57541 
 1.11597 
 0.88266 
 0.30925 
-0.08249 
-0.88836 
-0.93972 
-0.47137 
-0.40702 
-0.09060 
 0.69813 
 0.71345 
 0.98571 
 1.27180 
 0.29503 
 0.40139 
-0.69252 
-0.90797 
-1.48989 
-0.96102 
-0.23268 
 0.08640 
 1.04422 
 1.05454 
 0.94617 
 0.61638 
 0.00004 
-0.80544 
-0.84089 
-1.10738 
-0.96427 
-0.00204 
-0.11710 
 0.86130 
 1.09584 
 0.70501 
 0.54645 
-0.14398 
-0.70038 
-0.56493 
-0.60240 
-0.32800 
-0.10814 
-0.03255 
 0.12205 
 0.48866 
 0.89961 
 0.29808 
 0.37613 
-0.18131 
-0.86050 
-1.24620 
-0.71674 
-0.42124 
 0.37905 
 1.04538 
 0.87799 
 0.82494 
 0.44470 
 0.09737 
-0.26047 
-0.65960 
-1.26789 
-0.50714 
-0.34176 
 0.84111 
 1.43238 
 1.41459 
 1.25609 
-0.25832 
-0.53409 
-2.22888 
-1.75618 
-0.74096 
-0.45585 
 0.79208 
 0.39269 
 1.53835 
 1.15051 
 0.67014 
 0.40782 
-0.70285 
-0.22281 
-1.15465 
-1.43087 
-0.80323 
-0.54818 
 0.75144 
 1.27174 
 1.84879 
 1.32706 
 0.44677 
-0.90927 
-1.73572 
-1.68644 
-1.33555 
 0.15841 
 0.88896 
 1.91599 
 1.30323 
 0.77345 
 0.27483 
-0.39734 
-0.19424 
-0.79973 
-0.72142 
-1.01842 
-0.68350 
 0.05192 
 0.11835 
 0.63917 
 0.91520 
 0.87617 
-0.10547 
-0.51526 
-1.29347 
-0.98400 
-0.71181 
-0.21917 
 1.08941 
 0.90000 
 1.01707 
 1.13389 
-0.02580 
-0.21359 
-0.89180 
-0.64227 
-0.90148 
-0.44085 
-0.00126 
 0.03874 
 0.67125 
 0.59891 
 0.96039 
 0.58956 
 0.67053 
-0.22092 
-0.59363 
-1.23114 
-1.03381 
-0.53117 
-0.13047 
 0.69202 
 0.74293 
 1.18960 
 0.55859 
-0.03970 
-0.59448 
-1.05556 
-0.61928 
-0.86576 
-0.01807 
 0.37171 
 0.66060 
 0.75988 
 0.85702 
 0.60988 
-0.06710 
-0.48396 
-0.98439 
-0.72161 
-0.48598 
 0.22536 
 0.40788 
 1.07603 
 1.48433 
 0.24133 
-0.52565 
-1.17062 
-1.42834 
-0.23553 
 0.20445 
 0.56631 
 0.94396 
 0.78676 
 0.44294 
 0.03790 
 0.09776 
-0.21060 
-0.41754 
-0.64493 
-1.06705 
-0.67532 
-0.82401 
-0.19183 
 0.74767 
 1.16876 
 0.92838 
 0.76858 
-0.10619 
-1.01270 
-0.82726 
-0.80265 
 0.08783 
 0.21075 
 0.96740 
 0.63053 
 0.44684 
 0.24023 
-0.67486 
-0.24832 
-0.31248 
-0.09697 
 0.20295 
-0.37118 
 0.03433 
-0.22112 
 0.25484 
 0.07595 
 0.37327 
-0.10080 
 0.00368 
-0.32059 
-0.45585 
-0.34696 
-0.28676 
 0.71072 
 0.64144 
 0.91422 
 0.75040 
 0.04010 
 0.00154 
-0.80862 
-0.40410 
-0.43104 
-0.48455 
-0.14080 
 0.00296 
 0.10848 
-0.01840 
 0.20529 
 0.14835 
 0.34600 
 0.24997 
 0.17640 
-0.06275 
-0.10008 
-0.65610 
-0.05522 
-0.09385 
 0.34834 
 0.19172 
 0.04056 
 0.28704 
-0.25566 
-0.16229 
 0.02140 
-0.31040 
-0.02600 
 0.02764 
-0.04418 
 0.15354 
 0.28321 
-0.08301 
 0.21094 
-0.18930 
-0.30663 
 0.40541 
-0.13145 
 0.66904 
 0.58287 
 0.26451 
-0.05281 
-1.28321 
-0.52247 
-0.56532 
-0.54448 
 0.24451 
 0.44431 
 1.28868 
 0.36548 
 0.05809 
-0.23605 
-0.37527 
-0.33105 
-0.20956 
-0.37364 
-0.23839 
-0.27891 
 0.14965 
 0.23549 
 0.03491 
 0.95143 
 0.16757 
 0.20438 
 0.04907 
-0.82317 
-0.42955 
-0.67746 
 0.36022 
 0.79702 
 0.61729 
 0.74670 
 0.11543 
-0.01820 
-0.87213 
-0.65324 
-0.53649 
-0.41864 
 0.04329 
 0.02926 
 0.60268 
 0.52716 
 0.43145 
 0.22477 
-0.36942 
 0.01965 
-0.31306 
 0.22581 
-0.23579 
 0.06510 
 0.34132 
 0.12750 
 0.67547 
-0.06905 
-0.31644 
-0.56201 
-0.27611 
-0.62753 
-0.10690 
-0.08892 
 0.36366 
 0.73066 
 0.19068 
 0.22178 
 0.13419 
-0.00424 
-0.07638 
-0.11839 
-0.43728 
-0.08924 
-0.41611 
 0.16361 
 0.22023 
 0.23886 
 0.65917 
-0.28663 
-0.00048 
-0.38299 
-0.72577 
-0.72694 
 0.13861 
-0.12255 
 0.47314 
 0.78903 
 0.45879 
 0.80923 
-0.00723 
 0.12257 
-0.18755 
-0.44734 
-0.27631 
-0.71428 
-0.11560 
 0.33503 
 0.07783 
 1.32057 
 0.54541 
 0.28094 
-0.70045 
-1.52956 
-0.69863 
-0.90265 
-0.26605 
 0.67228 
 0.90818 
 1.13434 
 0.07471 
-0.16106 
-0.57143 
-0.50526 
-0.88953 
-0.67662 
-0.03229 
 0.54067 
 0.29795 
 0.40548 
 0.80488 
 0.53976 
 0.73358 
 0.37269 
 0.32334 
-0.58357 
-0.50961 
-0.71155 
-0.54454 
-0.52903 
 0.37782 
 0.82741 
 0.96831 
 0.34470 
-0.19579 
-0.15612 
-1.07049 
-0.63720 
-0.25313 
 0.36178 
 0.92967 
 0.92182 
 0.53768 
 0.13530 
-0.17281 
-0.49877 
-0.87894 
-0.79622 
-0.64311 
-0.60714 
 0.25341 
 0.20886 
 0.18614 
 0.55158 
 0.47392 
 0.62235 
 0.02965 
-0.48091 
-0.57045 
-0.41708 
-0.14852 
 0.22036 
 0.10569 
 0.79591 
 0.83663 
 0.89448 
-0.16093 
-0.31780 
-0.88667 
-0.70402 
-0.75161 
-0.56779 
-0.00217 
 0.15906 
 0.77267 
 0.64735 
 0.92143 
-0.04418 
-0.08567 
-0.46033 
-0.81129 
-0.45942 
-0.82180 
 0.52813 
 0.33886 
 0.55852 
 0.78208 
 0.10043 
 0.12971 
-0.57779 
-0.74155 
-0.80823 
-0.01885 
-0.07528 
 0.24574 
 0.85344 
 0.72189 
 0.91448 
 0.17218 
-0.64233 
-0.34709 
-0.29410 
-0.29865 
-0.54221 
-0.22358 
 0.11335 
 0.48638 
 0.52242 
 0.50534 
 0.53839 
-0.22930 
-0.29267 
-0.77213 
-0.29456 
-0.06684 
-0.26748 
 0.46749 
 0.23315 
 0.34905 
 0.05121 
-0.10502 
-0.03184 
-0.02548 
-0.34683 
-0.38819 
-0.50182 
-0.39091 
 0.51021 
 0.12114 
 0.89481 
 0.58748 
 0.41769 
 0.22399 
-0.22430 
-0.38728 
-0.41254 
-0.62162 
-0.25560 
 0.17361 
 0.25490 
 0.53560 
 0.01011 
 0.23023 
-0.45078 
-0.21216 
-0.13080 
-0.51786 
 0.22893 
-0.02100 
 0.10724 
 0.22204 
 0.17848 
 0.31717 
 0.26568 
 0.24977 
-0.05820 
-0.10586 
-0.89920 
-0.39643 
-0.24092 
-0.21696 
 0.28905 
 0.27743 
 0.34418 
 0.08692 
-0.01859 
-0.16722 
-0.70811 
-0.14248 
-0.42494 
 0.10991 
 0.46009 
 0.48418 
 0.72852 
 0.11348 
 0.58489 
-0.00431 
-0.09262 
-0.04087 
-0.22508 
 0.05647 
-0.04210 
-0.24287 
 0.19711 
 0.17198 
 0.09504 
 0.18263 
-0.21612 
-0.49591 
-0.39442 
-0.47059 
-0.10294 
 0.37184 
 0.07095 
 0.55060 
 0.24717 
 0.16010 
 0.31074 
-0.20118 
-0.13346 
 0.00368 
-0.08236 
-0.78635 
-0.05775 
-0.69973 
 0.06900 
 0.43314 
 0.49606 
 0.22432 
-0.04450 
 0.17023 
-0.32313 
-0.05125 
-0.38949 
 0.24678 
 0.48034 
 0.44905 
 0.37899 
 0.14939 
-0.26378 
-0.34306 
-0.17820 
-0.01398 
 0.03835 
-0.25021 
-0.49831 
-0.19612 
-0.42169 
-0.04372 
 0.17023 
 0.37028 
 0.58476 
 0.38152 
-0.00567 
-0.56675 
-0.68902 
-0.73330 
-0.21183 
 0.16925 
 0.42574 
 0.37360 
 0.37587 
 0.31788 
 0.08751 
 0.14510 
 0.14536 
-0.43715 
-0.05112 
 0.41243 
-0.11943 
-0.07405 
 0.24217 
-0.12976 
 0.35483 
-0.13145 
 0.14958 
-0.49727 
-0.46740 
-0.32254 
-0.13632 
 0.43736 
 0.08238 
 0.47846 
 0.50151 
 0.21834 
 0.05829 
-0.08690 
-0.51714 
-0.36507 
-0.12638 
 0.01348 
 0.03205 
 0.09770 
 0.13458 
 0.28009 
-0.02405 
-0.09456 
-0.11723 
-0.23949 
-0.09580 
-0.17125 
-0.06424 
-0.10547 
 0.26912 
 0.39236 
 0.61112 
 0.69241 
 0.26113 
 0.41398 
-0.17294 
-0.00691 
-0.47890 
-0.96368 
-0.84038 
-1.57684 
 0.01563 
 1.12376 
 0.89481 
 0.81306 
 0.76436 
 0.11283 
-0.92407 
-0.65727 
-0.97336 
-0.26358 
 0.36990 
 0.20438 
 0.64066 
 0.00952 
-0.00756 
-0.40014 
-0.13261 
-0.03652 
 0.01848 
 0.36210 
 0.12082 
 0.00822 
-0.08950 
-0.29514 
-0.06775 
 0.00329 
 0.26730 
 0.13309 
 0.01712 
-0.51896 
-0.76291 
-0.47799 
-0.14028 
 0.70033 
 0.43100 
 1.01357 
 0.39736 
 0.47547 
 0.24990 
-0.28891 
-0.21001 
-0.75681 
-0.05541 
-0.21852 
 0.07160 
 0.04653 
 0.39392 
 0.22178 
 0.35379 
 0.19192 
-0.97388 
-0.27644 
-0.83466 
-0.35819 
-0.00353 
 0.39411 
 0.84072 
 0.42028 
 0.70163 
 0.42652 
-0.38903 
-0.24897 
-0.73648 
-0.39228 
-0.04736 
-0.07749 
 0.02894 
 0.09341 
 0.53761 
 0.26633 
 0.20523 
-0.31865 
-0.15560 
-0.70817 
 0.14458 
-0.01892 
-0.21586 
 0.48138 
 0.67624 
 0.85825 
 0.55274 
 0.13244 
-0.52578 
-0.34319 
-0.48396 
-0.68791 
-0.35598 
-0.30014 
 0.01251 
 0.20633 
 0.34808 
 0.23795 
-0.11216 
 0.10776 
-0.03496 
-0.05944 
-0.17560 
-0.97082 
-0.50403 
-0.53208 
-0.13580 
 1.32953 
 1.32407 
 0.29938 
 0.44574 
 0.51015 
-0.96349 
-0.27034 
-0.82934 
-0.18002 
 0.20185 
 0.42074 
 0.49190 
-0.02152 
 0.19692 
-0.52779 
 0.01894 
 0.30964 
-0.05470 
 0.08069 
 0.01381 
-0.07651 
-0.30813 
-0.44020 
-0.33832 
 0.29587 
 0.19270 
 0.56242 
 0.03822 
 0.08400 
-0.44559 
-0.37066 
 0.65878 
 0.03225 
 0.57235 
 0.02127 
-0.07541 
-0.40455 
-0.42000 
-0.45702 
-0.69785 
-0.58876 
 0.25458 
 0.61216 
 0.19718 
 0.74611 
 0.87124 
 0.30295 
 0.32133 
 0.22568 
-0.28254 
-0.50318 
-0.53078 
-0.50364 
-0.24852 
 0.53703 
 0.14179 
 0.11698 
 0.66995 
-0.17534 
-0.29391 
-0.59636 
-0.40708 
-0.35202 
-0.13080 
 0.29009 
-0.31728 
 0.21438 
 0.15464 
 0.25620 
 0.25152 
 0.00731 
-0.40072 
-0.04989 
-0.13846 
 0.36990 
 0.38444 
 0.26828 
 0.35697 
-0.21709 
-0.10917 
-0.49968 
-1.00706 
-0.31994 
-0.42384 
-0.24443 
 0.59294 
 0.06536 
 0.60735 
 0.62917 
 0.36438 
 0.50807 
 0.40392 
-0.34215 
-0.03684 
-0.13534 
-0.45676 
-0.43176 
-0.56688 
 0.64397 
 0.45476 
 0.39457 
 0.96954 
 0.08751 
-0.18099 
-0.65902 
-0.85602 
-0.86434 
-0.43085 
 0.23237 
 0.53106 
 0.64962 
 0.40820 
-0.07145 
 0.11646 
 0.08225 
-0.16930 
 0.28185 
-0.12723 
-0.16742 
-0.21333 
-0.15748 
-0.26079 
 0.12354 
 0.29120 
 0.54067 
 0.43859 
-0.52961 
-0.85680 
-0.76103 
-0.42754 
 0.31866 
 0.87455 
 0.84130 
 0.98643 
 0.71910 
 0.05984 
-0.40968 
-0.93141 
-0.90381 
-0.48851 
-0.19709 
-0.37572 
 0.32061 
 0.00705 
 0.70410 
 0.62579 
 0.05179 
 0.58683 
-0.64753 
-0.65902 
-0.88401 
-0.27754 
-0.39702 
 0.23828 
 0.49521 
 0.42184 
 0.41353 
 0.24750 
 0.16458 
-0.65798 
-0.18735 
 0.01166 
 0.11497 
 0.24334 
 0.26009 
 0.51560 
 0.05900 
 0.40866 
-0.21268 
-0.18242 
-0.50266 
-0.61292 
-0.34709 
-0.01678 
-0.06892 
-0.13619 
 0.58534 
 0.50151 
 0.30068 
 0.03881 
-0.35449 
-0.54351 
-0.39650 
-0.22514 
 0.18432 
 0.57469 
 0.64644 
 0.49989 
 0.24730 
-0.12593 
-0.02983 
-0.22488 
-0.46013 
-0.45689 
-0.44611 
-0.27358 
-0.43247 
-0.11430 
 0.85987 
 1.06947 
 0.82345 
 0.23107 
 0.03277 
-0.54234 
-0.62240 
-0.39695 
-0.19398 
 0.42119 
 0.58560 
 0.75806 
 0.14614 
-0.02755 
-0.34676 
-0.86998 
-0.65934 
-0.36345 
-0.50877 
-0.40825 
-0.02152 
 0.13504 
 0.44379 
 1.17953 
 0.98863 
 0.58807 
 0.01783 
-0.78557 
-0.81109 
-1.00796 
-0.62525 
 0.16354 
 0.33983 
 0.79351 
 0.53833 
 0.63352 
 0.02394 
-0.44429 
-0.31949 
-0.70207 
-0.52942 
-0.36319 
 0.13140 
 0.40444 
 0.44794 
 0.20640 
 0.22841 
 0.02452 
 0.17893 
-0.23943 
-0.77986 
-0.39559 
-0.43319 
 0.40684 
 0.36093 
 0.84565 
 1.45108 
 0.45937 
 0.53073 
-0.41832 
-0.49046 
-0.94719 
-0.85498 
-0.57792 
-0.48864 
 0.53378 
 0.20198 
 0.19919 
 0.83377 
-0.10690 
 0.12796 
-0.03593 
-0.52643 
 0.08679 
-0.06781 
 0.44561 
 0.15101 
 0.04699 
 0.31814 
 0.08692 
 0.21555 
-0.36403 
-0.54896 
-0.27962 
-0.67577 
 0.03913 
 0.05010 
-0.38799 
 0.66995 
 0.23685 
 0.75007 
 0.40704 
-0.37897 
 0.38827 
-0.61188 
-0.38637 
-0.30384 
-0.53110 
 0.69040 
 0.41619 
 0.70644 
 0.56170 
 0.16055 
-0.12411 
-0.73869 
-0.88784 
-0.43942 
-0.88914 
-0.04333 
-0.32007 
 0.30217 
 0.63618 
 0.03614 
 0.48392 
-0.10463 
 0.21451 
 0.23776 
-0.03437 
-0.13456 
-0.22216 
 0.01530 
 0.30853 
 0.28678 
 0.09367 
 0.32139 
-0.17787 
-0.13067 
-0.47539 
-0.09145 
-0.43416 
-0.18722 
 0.57170 
 0.35574 
 0.50417 
 0.12309 
-0.16989 
-0.36741 
-0.28793 
-0.74538 
-0.38592 
-0.30404 
 0.07290 
 0.42794 
 0.73533 
 0.53093 
 0.36632 
 0.54761 
 0.30172 
-0.11710 
-0.55273 
-0.61422 
-0.70356 
-0.07664 
-0.06846 
 0.00673 
 0.23250 
 0.16016 
 0.21691 
 0.20997 
 0.04478 
-0.06379 
-0.07294 
-0.16878 
 0.27347 
 0.10224 
 0.50710 
 0.37950 
 0.25269 
 0.16146 
-0.22079 
-0.19177 
-0.48779 
-0.33092 
-0.37897 
-0.13599 
-0.19988 
 0.01309 
 0.37028 
 0.18620 
 0.32840 
 0.15633 
-0.09405 
-0.79317 
-0.37637 
-0.60227 
-0.38040 
 0.09770 
 0.50963 
 0.91455 
 0.96441 
 1.05960 
 0.35360 
-0.12443 
-1.02095 
-1.18796 
-1.02180 
-0.62383 
 0.05095 
 0.34756 
 0.58904 
 0.40762 
 0.32840 
 0.16932 
 0.08393 
-0.22151 
-0.20787 
-0.40462 
-0.45526 
-0.55922 
 0.03504 
 0.66689 
 0.80845 
 1.18596 
 0.78533 
 0.57586 
-0.29111 
-0.90200 
-1.36977 
-0.87011 
-0.32410 
 0.56917 
 1.14525 
 0.85643 
 0.20581 
-0.26917 
-0.45325 
-0.74038 
-0.55773 
-0.31267 
-0.32670 
 0.49346 
 0.29165 
 0.66852 
 0.74124 
 0.56670 
 0.65670 
-0.14255 
-0.37176 
-1.07965 
-1.37152 
-0.61324 
-0.20833 
 0.51677 
 0.42444 
 1.01753 
 0.53904 
 0.50989 
-0.11216 
-1.00420 
-0.44111 
-0.43916 
 0.17984 
 0.31633 
 0.49034 
 0.28522 
 0.50827 
 0.30237 
 0.28561 
-0.15242 
-0.60220 
-0.61363 
-0.85200 
-0.63863 
-0.21618 
 0.13452 
 0.72410 
 0.93513 
 0.82182 
 0.77773 
-0.52597 
-0.60532 
-0.89946 
-0.93342 
-0.38202 
-0.29124 
 0.45275 
 0.37879 
 0.80332 
 0.74137 
 0.61157 
 0.21679 
-0.00989 
-0.38033 
-0.95141 
-0.36234 
-0.49812 
 0.27717 
 0.58333 
 1.23499 
 0.76293 
-0.40221 
-1.16789 
-1.83345 
-1.30944 
-0.41838 
 0.46586 
 0.78592 
 1.60036 
 1.72535 
 0.81962 
 0.72163 
-0.13697 
-0.72220 
-1.01582 
-1.82436 
-1.47132 
-0.77285 
-0.14320 
 0.95435 
 1.73191 
 1.92379 
 1.09707 
 0.21289 
-0.84934 
-1.46840 
-1.21010 
-1.10419 
-0.04411 
 0.67631 
 0.95552 
 0.93851 
 0.76501 
 0.15867 
-0.05853 
-0.41124 
-0.53084 
-0.55376 
-0.10132 
-0.65058 
 0.26756 
 0.91461 
 0.58411 
 0.77832 
 0.14523 
-0.41500 
-1.26529 
-1.11361 
-1.02842 
-0.65753 
 0.44794 
 0.62294 
 1.33836 
 1.29089 
 0.83773 
 0.35990 
-0.54312 
-0.42332 
-1.09478 
-0.65857 
-0.74603 
-0.34761 
 0.32172 
 0.31262 
 1.09824 
 0.67780 
 0.39002 
-0.06528 
-0.50390 
-0.66921 
-1.10264 
-0.40507 
-0.63318 
 0.43671 
 1.05019 
 0.47164 
 1.01590 
-0.11865 
 0.42294 
-0.12859 
-0.56260 
-0.09379 
-0.40897 
 0.19847 
 0.20386 
 0.71072 
 0.35632 
 0.10932 
 0.58534 
-0.09171 
-1.04446 
-1.56430 
-1.37171 
-0.20443 
 0.69144 
 1.02922 
 1.30810 
 1.16272 
 0.24062 
-1.23367 
-0.95628 
-0.69830 
-0.30241 
 0.41340 
 0.52255 
 0.68397 
 0.53482 
-0.33579 
 0.28022 
-0.20014 
 0.08406 
 0.14393 
-1.02407 
-1.12400 
-1.11751 
-0.11690 
 0.66280 
 1.46894 
 1.40387 
 1.25473 
 0.73319 
-0.53656 
-1.33886 
-1.34704 
-0.98199 
-0.08469 
 0.54865 
 0.63391 
 0.54612 
 0.21646 
 0.01452 
-0.15307 
-0.42130 
-0.55773 
-0.78479 
-0.27813 
-0.43098 
 0.05608 
 0.63268 
 0.47047 
 0.66241 
 0.57612 
 0.03809 
-0.49098 
-0.57123 
-0.33209 
-0.06996 
 0.23120 
 0.59190 
 0.46814 
 0.28412 
 0.34645 
 0.31347 
-0.37566 
-0.01457 
-0.61175 
-0.33183 
-0.23021 
-0.35949 
-0.02100 
-0.17015 
 0.52281 
 0.39450 
 0.61307 
 0.13672 
-0.19040 
-0.15209 
-0.92544 
-0.06145 
-0.40949 
 0.19588 
 0.66527 
 0.45859 
 0.75377 
 0.05595 
 0.00160 
-0.39533 
-0.45890 
-0.29943 
-0.38001 
-0.34929 
-0.29072 
-0.29384 
 0.27587 
 0.30594 
 0.80001 
 0.49898 
 0.09160 
-0.15125 
-0.11567 
 0.24899 
 0.43242 
 0.62923 
 0.81098 
 0.20899 
-0.82641 
-1.27016 
-1.52249 
-0.42455 
 0.18607 
 0.39457 
 1.08785 
 0.28412 
 0.13328 
-0.50773 
-0.11891 
-0.28137 
-0.20235 
 0.55145 
-0.30722 
-0.08853 
-0.50214 
-0.29475 
 0.25334 
 0.83241 
 0.75637 
 0.83065 
 0.28951 
-0.89193 
-0.83934 
-0.78408 
-0.47935 
 0.22172 
 0.73910 
 0.70404 
-0.01106 
-0.20722 
-0.90167 
-0.66818 
-0.34176 
-0.02191 
 0.55872 
 0.60320 
 0.76014 
 0.35762 
 0.21075 
 0.15854 
 0.02926 
-0.10164 
-0.18755 
-0.36267 
 0.13484 
-0.06177 
-0.22858 
-0.11034 
-0.04249 
 0.55664 
-0.07560 
-0.53435 
-0.39078 
-0.65857 
 0.19860 
-0.15099 
 0.48482 
 0.37405 
 0.47476 
 0.45216 
 0.38054 
 0.10432 
-0.70791 
 0.09257 
-0.44637 
 0.01160 
-0.07223 
-0.39533 
 0.19107 
-0.08411 
 0.21925 
 0.28412 
-0.14612 
-0.31066 
-0.37806 
 0.04569 
-0.04664 
 0.06757 
 0.11861 
 0.83747 
 0.79591 
 0.37905 
-0.03255 
-0.61155 
-0.54117 
-0.91972 
-0.21183 
-0.31559 
-0.21605 
 0.76494 
 0.35938 
 1.38862 
 0.48736 
 0.33678 
-1.18380 
-1.37678 
-1.00225 
-1.14887 
 0.00011 
-0.21112 
 1.09551 
 1.26654 
 0.68975 
 0.68696 
-0.12463 
-0.08353 
-0.55747 
-0.32423 
 0.22503 
-0.28917 
 0.14614 
 0.04329 
 0.58404 
 0.67202 
-0.08840 
 0.06361 
-0.51266 
-0.75583 
-0.86966 
-0.73265 
-0.17651 
 0.28022 
 1.17278 
 1.10778 
 1.01831 
-0.00632 
-0.40462 
-0.90213 
-1.03939 
-0.58344 
-0.01957 
 0.27100 
 0.54093 
 1.06428 
 0.47716 
 0.97448 
-0.43156 
-0.22742 
-0.96427 
-1.25159 
-0.94628 
-0.53377 
 0.18270 
 0.62729 
 1.41712 
 0.95922 
 0.86357 
 0.23523 
-0.70661 
-0.22086 
-0.67090 
-0.49357 
-0.02963 
 0.32587 
 0.13874 
 0.49950 
 0.40450 
-0.06931 
-0.11898 
-0.63253 
-0.51494 
-0.99102 
-0.62363 
-0.26040 
-0.07249 
 0.99675 
 1.11694 
 0.82981 
 0.57592 
-0.20326 
-0.70869 
-0.97888 
-0.42539 
-0.66720 
-0.00944 
 0.37347 
 0.66813 
 0.84098 
 0.60430 
 0.43327 
 0.04835 
-0.14989 
-1.31678 
-0.77720 
-0.87258 
-0.36325 
 0.48956 
 0.44346 
 1.44848 
 0.66975 
 0.41119 
-0.58961 
-0.88089 
-0.49273 
-1.15367 
-0.30397 
 0.03024 
 1.04636 
 1.61925 
 0.91851 
 0.86552 
 0.15653 
-0.15047 
-0.79038 
-1.60222 
-0.27943 
-0.67564 
-0.20774 
 0.25503 
 0.28490 
 0.65274 
 0.70845 
 0.36327 
 0.07419 
-0.46994 
-0.64532 
-0.45098 
-0.44429 
 0.37489 
 0.40210 
 0.67774 
 1.02993 
 0.81423 
 0.00900 
-0.60578 
-1.10997 
-1.13815 
-0.83570 
-0.21787 
 0.46463 
 0.13289 
 0.35808 
 0.71949 
 0.39204 
 0.40061 
-0.34728 
-0.16248 
-0.54747 
-0.55305 
-0.16099 
-0.22787 
 0.68514 
 1.01532 
 0.76631 
 0.68735 
-0.45961 
-0.66038 
-0.74681 
-0.99595 
-0.24378 
-0.61350 
-0.22566 
 0.46496 
 0.59424 
 0.94909 
 0.28315 
 0.26568 
-0.13534 
-0.22391 
-0.27209 
-0.40663 
-0.10950 
-0.32261 
 0.60878 
 0.55593 
 0.87896 
 0.40002 
-0.06353 
-0.41390 
-0.83375 
-0.64649 
-0.79973 
-0.25586 
 0.11971 
 0.47457 
 0.89526 
 0.55963 
 0.70423 
-0.39676 
-0.43176 
-0.74395 
-0.90602 
-0.62175 
-0.21514 
 0.30159 
 0.68131 
 1.19142 
 0.34178 
 0.54437 
 0.01225 
 0.36126 
-0.03671 
-0.58837 
-0.66792 
-0.80356 
-0.37228 
-0.00041 
 0.32990 
 0.41762 
 0.51028 
 0.15958 
-0.03658 
-0.12989 
 0.00796 
 0.10926 
 0.00926 
 0.34256 
-0.00178 
 0.45314 
-0.23060 
 0.01166 
 0.28782 
 0.23698 
-0.23735 
-0.11346 
-0.58844 
-0.70869 
-0.35377 
-0.50097 
 0.81682 
 0.02712 
 0.61482 
 0.21523 
-0.23956 
-0.38176 
-0.49799 
-0.09807 
-0.25456 
 0.11698 
 0.21133 
 0.33425 
 0.24243 
 0.12640 
 0.19977 
 0.30191 
 0.06549 
-0.10814 
-0.26579 
-0.39410 
-0.31832 
-0.30059 
 0.12952 
 0.12763 
-0.11463 
 0.43574 
-0.18573 
-0.10073 
-0.11716 
-0.30728 
 0.10861 
-0.20105 
 0.23068 
 0.41139 
 0.20627 
 1.36699 
 0.20101 
 0.40132 
 0.08114 
-0.19794 
-0.24469 
-0.45728 
-0.42390 
-0.63863 
 0.06419 
-0.37812 
 0.08238 
-0.12073 
 0.15400 
 0.38100 
-0.17404 
 0.29756 
-0.24449 
-0.04963 
 0.07744 
 0.57729 
 0.52729 
 0.23990 
 0.17296 
-0.15378 
 0.00179 
-0.67460 
-0.41143 
-0.70791 
-0.43033 
-0.19151 
-0.52558 
 0.33639 
 0.27691 
 0.70274 
 1.43952 
 1.05512 
 0.33762 
-0.82778 
-0.84414 
-0.90894 
-0.09898 
-0.01697 
 0.13205 
 0.17848 
 0.19782 
 0.22289 
-0.13820 
-0.23144 
 0.33061 
 0.15867 
 0.12569 
 0.02095 
-0.77246 
-0.55604 
-0.47429 
 0.04686 
 0.15205 
 0.54190 
 0.28126 
-0.27865 
-0.07924 
-0.27560 
-0.45552 
-0.07353 
 0.39678 
 0.59911 
 0.93967 
 0.75416 
 0.00907 
-0.03496 
-0.55675 
-0.34163 
-0.80434 
-0.41163 
-0.53636 
 0.03225 
 0.66313 
 0.30957 
 0.92487 
 0.17159 
-0.14229 
-0.29800 
-0.61175 
-0.23975 
-0.65668 
-0.14287 
 0.32223 
 0.49573 
 0.48703 
 0.40405 
 0.48301 
 0.24172 
 0.06478 
-0.29696 
-0.67285 
-0.78375 
-0.43494 
-0.35650 
 0.39950 
 0.39762 
 0.70546 
-0.16599 
 0.46827 
 0.08867 
-0.15307 
-0.07755 
-0.37449 
 0.35704 
 0.20406 
 0.26711 
 0.33905 
 0.56690 
 0.29211 
-0.17898 
-0.06106 
-0.89063 
-0.65350 
-0.60350 
-0.56649 
 0.36632 
-0.16307 
 0.80877 
 0.08023 
 0.16912 
 0.92578 
-0.07249 
 0.06809 
-0.44987 
-0.78499 
-1.03543 
-1.45165 
 0.19971 
 1.08610 
 1.17070 
 0.56937 
 1.55257 
 0.00582 
-0.76057 
-0.88446 
-1.27562 
-0.15593 
-0.24352 
 0.18075 
 0.41918 
-0.26287 
-0.18995 
-0.21508 
-0.11391 
 0.33977 
 0.29431 
 1.07473 
 0.20185 
-0.04457 
-0.07281 
-0.38962 
-0.01554 
 0.21997 
 0.40275 
 0.75501 
 0.10341 
-0.26475 
-0.21456 
-0.78765 
-0.83226 
-0.03366 
 0.40918 
 0.76351 
 0.54125 
 0.31931 
-0.05353 
-0.15261 
-0.56792 
-1.17913 
-0.39533 
-0.26800 
 0.07017 
 0.72871 
 0.58573 
 0.62625 
 0.32697 
 0.36587 
 0.23639 
-0.51558 
-0.38247 
-0.90907 
-0.53565 
-0.09866 
 0.14646 
 0.14698 
 0.18536 
 0.47742 
 0.03108 
-0.22118 
-0.02502 
-0.23819 
 0.10627 
 0.51359 
 0.65969 
 0.68267 
 0.37905 
 0.28412 
-0.37988 
-0.14645 
-0.43864 
-0.88252 
-0.58143 
-0.55182 
-0.12210 
 0.07218 
 0.37853 
-0.19255 
 0.16711 
 0.00900 
 0.16283 
 0.04199 
-0.59168 
 0.00037 
-0.49013 
 0.62787 
 0.04861 
 0.49151 
 0.29892 
 0.04686 
 0.83409 
 0.09367 
 0.18360 
-0.54695 
-1.05225 
-0.81122 
-1.09426 
 0.25315 
 1.02863 
 1.21823 
 1.02759 
 0.92117 
 0.28854 
-1.02024 
-0.96121 
-1.10484 
-0.64331 
-0.07970 
-0.02470 
 0.16776 
 0.71436 
 0.80117 
 0.32042 
 0.54255 
 0.20237 
-0.12781 
-0.17748 
-0.86992 
-0.44059 
-0.60272 
-0.34157 
 0.07491 
 0.89286 
 0.70748 
 0.59222 
 0.07952 
-0.79531 
-0.68675 
-1.16172 
-0.05249 
 0.46586 
 0.78189 
 1.11778 
 0.80526 
 0.37730 
 0.18101 
-0.35916 
-0.47526 
-0.80869 
-0.63928 
-0.51013 
-0.21066 
 0.36990 
 0.24847 
 0.73494 
 0.55742 
-0.00509 
-0.29962 
-0.77317 
-0.72161 
-0.58487 
-0.29488 
 0.07030 
 0.58216 
 0.75163 
 0.88007 
 0.31009 
 0.05244 
-0.20157 
-0.41202 
-0.65357 
-0.12995 
 0.04465 
-0.05833 
 0.45489 
 0.04712 
 0.52255 
-0.06301 
-0.27663 
-0.70674 
-0.37293 
-0.66395 
-0.65019 
 0.55898 
 0.71371 
 0.98110 
 0.61462 
 0.50755 
 0.29620 
-0.28332 
-0.38592 
-0.62551 
-0.56785 
-0.00535 
 0.35165 
 0.27490 
 0.41295 
 0.19873 
 0.26815 
 0.14237 
-0.38208 
-0.37851 
-0.61071 
-0.83914 
-0.63584 
-0.43351 
 0.38093 
 0.69806 
 1.01688 
 1.47809 
 1.14376 
 0.38360 
-0.84960 
-0.91524 
-0.92394 
-0.81349 
-0.60779 
 0.17698 
 0.21601 
 0.60735 
 0.42989 
 0.57846 
 0.42626 
-0.28404 
-0.37962 
-0.53071 
-0.63915 
-0.41494 
-0.14164 
 0.35366 
 1.02331 
 1.30109 
 0.90533 
 0.20114 
-0.77298 
-1.08556 
-1.24912 
-0.83115 
-0.11833 
 0.04186 
 0.78949 
 0.29600 
 0.58677 
 0.35860 
 0.07283 
-0.38475 
-0.48935 
-0.15170 
-0.44598 
-0.71759 
-0.28988 
 0.19438 
 0.93877 
 0.66345 
 0.67904 
 0.32353 
-0.43435 
-0.20618 
-0.53558 
-0.34468 
-0.04385 
 0.28834 
 0.69598 
 0.69689 
 0.42243 
-0.22345 
-0.70454 
-0.64876 
-0.29865 
-0.22287 
-0.30430 
-0.11067 
 0.06406 
 0.19977 
 0.25295 
 0.33607 
 0.37483 
 0.22724 
-0.02178 
-0.00684 
-0.67142 
-0.37643 
-0.34722 
 0.45002 
 0.61826 
 0.71735 
 0.35334 
-0.10411 
-0.18242 
-0.67253 
-0.68655 
-0.78298 
-0.03716 
-0.02924 
 0.77799 
 0.22217 
 0.42898 
 0.36957 
 0.17523 
 1.07733 
 0.06114 
 0.09296 
-0.24962 
-1.05816 
-0.59604 
-0.47637 
 0.66800 
 0.91565 
 0.31198 
 0.12588 
-0.48662 
-0.69733 
-1.03316 
-0.69363 
 0.13562 
 0.10731 
 0.71754 
 0.17529 
 0.45996 
 0.19445 
-0.11067 
 0.18153 
-0.19904 
 0.18166 
-0.13456 
-0.13690 
-0.07437 
 0.02043 
 0.08718 
 0.54482 
 0.37814 
 0.15932 
-0.31202 
-0.36092 
-1.18062 
-1.15802 
-0.36533 
 0.01225 
 0.42976 
 0.80234 
 0.99863 
 0.70235 
 0.38061 
 0.06783 
-0.30189 
-0.65357 
-0.43922 
-0.24229 
-0.24748 
 0.03920 
 0.36626 
 0.69111 
 0.54450 
 0.63183 
 0.12971 
-0.14151 
-0.59123 
-0.65408 
-0.57136 
-0.25995 
-0.01269 
 0.16198 
 0.73754 
 0.32587 
-0.06567 
-0.35215 
-0.37423 
-0.26917 
-0.17930 
 0.31886 
 0.33503 
 0.16893 
 0.28431 
 0.76903 
 0.17029 
-0.03697 
 0.02634 
-0.57285 
-0.60220 
-0.77888 
-0.70071 
-0.49117 
 0.08296 
 0.32626 
 0.83974 
 0.69053 
 0.38931 
 0.14971 
 0.12510 
 0.30159 
-0.28404 
 0.00783 
-0.10417 
-0.21858 
-0.04515 
 0.23919 
 0.10692 
-0.12963 
-0.09606 
 0.21503 
-0.10158 
-0.99933 
-1.12445 
-0.18086 
-0.16261 
 0.37009 
 0.83176 
 0.51697 
 0.47554 
 0.04705 
 0.01530 
-0.48013 
-0.50636 
 0.07166 
-0.19742 
 0.64410 
 0.42067 
-0.11937 
 0.48547 
-0.00009 
 0.02939 
 0.17627 
-0.09567 
-0.75603 
-0.75759 
-0.40955 
-0.17105 
 0.27431 
 0.31860 
 0.61229 
 0.63858 
 0.19893 
-0.00288 
-0.49169 
-0.04314 
-0.55260 
 0.15250 
 0.17692 
 0.24178 
 0.56521 
 0.34386 
 0.29555 
 0.00063 
-0.53201 
-0.62915 
-0.70856 
-0.72272 
-0.36390 
 0.33191 
 0.16757 
 0.49742 
 0.85215 
 0.73429 
 0.34003 
-0.13372 
-0.37442 
-0.61214 
-0.30027 
-0.20787 
 0.19510 
 0.43690 
 0.37704 
 0.58729 
 0.24906 
-0.28975 
-0.11930 
-0.59227 
-0.44468 
-0.62636 
-0.38423 
 0.11646 
-0.03567 
 0.37217 
 0.41178 
 0.02004 
 0.54722 
 0.03543 
-0.07645 
-0.01184 
-0.62058 
 0.02874 
-0.47487 
 0.29438 
 0.43593 
 0.31509 
 0.45151 
-0.08060 
-0.05067 
-0.41539 
-0.73519 
-0.06041 
-0.49844 
-0.18755 
 0.24445 
 0.52288 
 0.60885 
 0.74436 
 0.02212 
-0.48130 
-1.20263 
-1.37191 
-0.82732 
-0.29423 
 0.93039 
 1.55517 
 1.67529 
 0.94279 
 0.79585 
 0.55067 
-0.26670 
-0.69382 
-0.47156 
-1.54599 
-1.37113 
-1.04894 
-0.36410 
 0.49327 
 0.44749 
 1.48595 
 1.05863 
 0.74384 
-0.10729 
-1.02420 
-0.60850 
-0.47422 
 0.45106 
 0.80598 
 0.84280 
 0.05926 
 0.21893 
-0.21436 
-0.52266 
-1.04004 
-1.24620 
-0.86427 
-0.02100 
 0.27386 
 0.63436 
 0.90013 
 1.04779 
 1.04473 
 0.27133 
-0.22423 
-0.86732 
-1.07588 
-0.46130 
-0.13658 
 0.36652 
 0.74462 
 0.39684 
 0.78728 
 0.07264 
-0.09690 
 0.12614 
-1.02835 
-0.65434 
-0.65434 
-0.44689 
 0.06984 
-0.09073 
 0.57963 
 0.46775 
 0.81137 
 0.39691 
-0.38864 
-0.48864 
-0.50591 
-0.32222 
-0.41715 
-0.13917 
 0.63034 
 0.46645 
 0.98292 
 0.86130 
-0.16644 
-0.11573 
-0.90966 
-0.73376 
-0.74661 
-0.02431 
-0.04444 
 0.20880 
 0.65618 
 0.69319 
 0.37963 
 0.41002 
 0.01556 
-0.23839 
-1.18984 
-0.84667 
-0.85492 
 0.30853 
 0.94065 
 1.13038 
 1.57568 
 0.75722 
-0.42137 
-1.71689 
-1.37671 
-0.56792 
-0.02230 
 0.30990 
 0.73871 
 0.82715 
 0.59891 
 0.04127 
-0.47494 
-0.27371 
-0.67428 
-0.77460 
-0.54279 
-1.04835 
 0.32697 
 0.40723 
 1.42400 
 2.02644 
 1.65601 
 0.99246 
-0.43955 
-1.65053 
-1.74774 
-1.37964 
-0.74616 
 0.48632 
 0.37827 
 0.88396 
 0.42366 
-0.05489 
-0.26105 
-0.22748 
-0.07905 
-0.26975 
-0.01256 
-0.50364 
-0.25456 
 0.79423 
 0.74741 
 0.70826 
 0.88851 
 0.04348 
-0.46494 
-1.08744 
-0.96927 
-0.65934 
-0.23800 
 0.31918 
 0.41743 
 0.80455 
 0.25445 
 0.45742 
-0.52708 
-0.30774 
-0.27508 
-0.75882 
-0.16346 
 0.02218 
 0.17425 
 0.27581 
 0.46080 
 0.30853 
 0.75994 
 0.40996 
 0.34347 
-0.11404 
-0.61253 
-0.11171 
-0.65220 
-0.40124 
 0.30503 
 0.63540 
 0.49340 
-0.10353 
 0.47963 
-0.44215 
-0.59805 
-0.35851 
-0.64305 
 0.13224 
 0.02640 
-0.01041 
 0.24932 
 0.00744 
 0.29159 
 0.60346 
 0.33204 
-0.76869 
-0.37754 
-0.31176 
 0.38541 
 0.26906 
 0.64267 
 1.05512 
-0.21871 
 0.05848 
-2.12142 
-1.26295 
-0.51519 
 0.04997 
 1.03493 
 0.63742 
 1.21538 
 0.41723 
 0.23691 
 0.53807 
-0.25871 
 0.13568 
-0.37592 
-0.93712 
-0.51007 
-0.45156 
-0.06249 
 0.26607 
 0.33782 
 0.77403 
 0.23419 
-0.50201 
-0.91738 
-1.08017 
-0.40728 
 0.16477 
 0.65105 
 0.98948 
 0.28438 
-0.18281 
 0.20107 
-0.28508 
-0.19703 
-0.02210 
 0.02861 
-0.01931 
-0.00665 
 0.08367 
 0.38100 
 0.38496 
 0.59378 
 0.35743 
-0.09859 
-0.53961 
-0.72635 
-0.40371 
-0.30942 
 0.66644 
 0.14432 
 0.22185 
 0.04497 
-0.27157 
 0.09244 
-0.56350 
 0.17776 
 0.04082 
 0.32249 
 0.35996 
 0.29438 
 0.07056 
-0.40001 
-0.36533 
-0.40423 
 0.07023 
-0.01840 
 0.31678 
-0.29670 
 0.09263 
-0.00139 
-0.03515 
 0.21179 
 0.01569 
-0.07957 
 0.19081 
-0.25430 
 0.00361 
 0.11497 
-0.11469 
 0.57612 
 0.07874 
 0.29730 
 0.12952 
 0.14387 
 0.36061 
-0.29170 
-0.01269 
-0.37780 
-0.67285 
-0.37728 
-0.41137 
 0.33723 
 0.31672 
 0.53417 
 0.64267 
 0.19438 
-0.73752 
-0.96095 
-1.39782 
-0.58876 
 0.22269 
 0.63566 
 1.63347 
 1.07636 
 0.50606 
-0.09827 
-0.99602 
-0.52851 
-0.66675 
-0.14164 
 0.23730 
-0.10677 
 0.30211 
-0.37072 
 0.22594 
 0.48969 
 0.18081 
 0.39574 
-0.12391 
-0.70629 
-0.65577 
-0.64214 
-0.34754 
 0.49405 
 0.85267 
 1.47718 
 1.11629 
 0.05426 
-0.16417 
-1.41119 
-0.32546 
-0.30754 
-0.47247 
 0.27724 
 0.57080 
 0.82267 
 0.07621 
-0.03262 
-0.65688 
-0.53838 
-0.31761 
-0.45598 
-0.14326 
-0.20579 
-0.10015 
 0.82436 
 1.22713 
 1.27420 
 0.42528 
 0.08101 
-0.89862 
-0.73421 
-1.40262 
-0.74505 
-0.22819 
 0.13731 
 0.81189 
 0.67092 
 0.76631 
 0.00173 
-0.05664 
-0.51221 
-0.21417 
-0.09521 
-0.13417 
-0.17008 
 0.28341 
 0.73735 
 0.23328 
 0.58268 
-0.25878 
 0.14549 
-0.10366 
-0.86550 
-0.95550 
-0.89206 
-0.34618 
 0.34749 
 0.90961 
 1.22070 
 0.65449 
 0.12257 
-0.26631 
-0.66986 
-1.17945 
-1.30496 
-0.39949 
 0.33730 
 0.74624 
 1.10499 
 1.56978 
 0.26529 
 0.35840 
-0.92414 
-0.89765 
-0.20248 
-0.97154 
 0.21055 
-0.19313 
 1.25388 
 0.89981 
 0.27341 
 0.39152 
-0.23521 
-0.53786 
-0.74902 
-1.00855 
-0.43241 
-0.35806 
 0.08848 
 0.82974 
 0.70170 
 1.00045 
 0.16906 
 0.09218 
-0.27560 
-0.67473 
-0.68486 
-1.29763 
-0.01554 
 0.29990 
 0.75293 
 1.15525 
 1.06149 
 0.60534 
-0.15106 
-0.84622 
-1.09536 
-1.10244 
-0.65720 
-0.10034 
 0.66910 
 1.03123 
 0.61404 
 0.98039 
 0.13575 
-0.05853 
-0.48539 
-0.40650 
-0.44799 
-0.46695 
 0.04147 
 0.02225 
 0.64358 
 0.69527 
 0.33977 
-0.13041 
-0.28267 
-0.63324 
-1.36795 
-0.64415 
-0.37241 
 0.18919 
 0.46301 
 1.10655 
 0.73085 
 0.74027 
 0.24750 
-0.40221 
-0.35027 
-1.07114 
-0.77726 
-0.53974 
 0.13458 
 0.51612 
 0.95045 
 1.07395 
 0.39476 
 0.13523 
-0.06619 
-0.97251 
-0.79064 
-0.74129 
-0.53967 
-0.38981 
 0.50002 
 0.73449 
 0.84773 
 0.86228 
 0.00563 
 0.47398 
-0.60850 
-0.77551 
-0.85466 
-0.69188 
 0.18964 
 0.14776 
 1.29674 
 0.75871 
 0.36256 
 0.25243 
-0.04437 
-0.61902 
-0.58636 
-0.26047 
-0.42526 
 0.27172 
-0.14099 
 0.65267 
 0.08413 
 0.51911 
 0.07867 
-0.36988 
-0.12723 
-0.54961 
-0.35780 
-0.11995 
-0.01236 
 0.09114 
 1.05175 
 0.48495 
 0.26185 
 0.30879 
-0.24352 
-0.41384 
-0.44234 
-0.61857 
-0.59883 
 0.04303 
 0.33574 
 0.46775 
 0.30477 
-0.01204 
-0.20112 
 0.11867 
-0.19534 
 0.05355 
-0.01983 
 0.35723 
 0.33762 
-0.28501 
 0.49177 
-0.13697 
 0.24678 
-0.46176 
-0.45098 
-0.31111 
-0.61435 
-0.51260 
-0.50409 
 0.06751 
 0.61346 
 0.60878 
 1.04610 
 0.36022 
 0.20984 
 0.08932 
-0.71863 
-0.75590 
-0.66694 
-0.24884 
 0.50573 
 0.08348 
 0.59261 
 0.41879 
-0.14508 
 0.73384 
-0.11404 
-0.13034 
-0.47799 
-0.30728 
-0.42442 
-0.22449 
 0.28003 
-0.20755 
 0.28685 
 0.49366 
-0.12262 
 0.12101 
-0.18878 
 0.00952 
-0.34293 
-0.09872 
-0.01801 
 0.35269 
 0.40437 
 0.16406 
 0.70533 
 0.04991 
 0.00829 
-0.28072 
-0.88420 
-0.57285 
-0.17028 
-0.10930 
-0.16261 
 0.26003 
 0.64443 
 0.72144 
 0.87637 
 0.55560 
-0.13502 
-0.41286 
-0.47156 
-0.84336 
-0.25832 
-0.51695 
-0.18365 
 0.11445 
 0.35645 
 0.24704 
 0.28113 
 0.59300 
 0.40178 
 0.13971 
 0.07588 
-0.57110 
-0.36371 
-0.81882 
-0.17541 
 0.27204 
-0.13346 
 0.88091 
-0.26884 
 0.08264 
-0.51675 
-0.44500 
-0.09333 
 0.06588 
 0.48385 
 0.81442 
 0.79338 
 0.15185 
 0.00783 
-0.22190 
-0.12794 
-0.48585 
-0.49377 
-0.09073 
-0.91342 
-0.16677 
-0.36650 
 0.13049 
 0.67676 
 0.33347 
 0.64923 
 0.19101 
-0.45403 
-0.30462 
-0.73135 
 0.06173 
 0.01647 
 0.50599 
 0.56593 
 0.30165 
 0.82656 
 0.18133 
 0.12263 
-0.52234 
-0.43799 
-0.27417 
-0.11443 
-0.55396 
 0.00017 
-0.09619 
 0.16692 
 0.26334 
 0.48489 
 0.14685 
-0.34105 
-0.07268 
-0.21657 
-0.10002 
-0.04009 
 0.10569 
 0.30918 
 0.36808 
 0.63774 
-0.27449 
-0.30131 
-0.60993 
-0.58013 
-0.42130 
-0.25157 
-0.06223 
 0.37093 
 0.44236 
 0.57631 
 0.73767 
 0.30425 
 0.28211 
 0.44905 
-0.23306 
-0.45552 
-0.94011 
-1.45749 
-0.20300 
 0.60060 
 1.08980 
 0.60157 
 0.77747 
-0.35722 
-0.38747 
-0.65947 
-0.82654 
-0.18333 
-0.15599 
 0.23354 
 0.37321 
 0.13146 
-0.19878 
-0.37176 
 0.29834 
 0.20399 
 0.27652 
-0.04866 
-0.28144 
-0.39890 
-0.54987 
 0.26419 
 0.53015 
 0.77234 
 0.72533 
 0.60430 
-0.01775 
-0.48675 
-1.18698 
-0.95245 
-0.41267 
 0.60001 
 0.69430 
 0.99091 
 0.33633 
 0.20568 
-0.08262 
-0.33644 
-0.44883 
-0.98836 
-0.23982 
-0.69499 
-0.17456 
 0.29698 
 0.56385 
 0.77721 
 0.57794 
 0.93727 
-0.42215 
-0.34715 
-1.11517 
-0.70739 
-0.11716 
-0.18969 
 0.53430 
 0.75812 
 0.48580 
 0.02465 
-0.02606 
-0.66253 
-0.27300 
-0.33618 
 0.22432 
 0.22393 
 0.43204 
 0.52930 
 0.28081 
 0.21380 
 0.46593 
-0.04515 
-0.32183 
-0.38364 
-0.61928 
-0.51961 
-0.24891 
-0.10651 
 0.27555 
 0.31165 
 0.63560 
 0.19062 
-0.06190 
-0.23806 
-0.83700 
-0.37708 
-0.46026 
 0.18289 
 0.21438 
 0.79546 
 0.36165 
 0.81962 
 0.60086 
 0.06380 
 0.02465 
-1.43178 
-1.21516 
-1.82377 
-1.28120 
 1.15142 
 1.11285 
 1.24317 
 1.86268 
 0.62534 
-0.38897 
-0.43403 
-1.25062 
-1.16556 
-0.57259 
-0.01658 
 0.47794 
 0.32853 
 0.68761 
 0.68358 
 0.20756 
 0.15731 
 0.62235 
 0.33671 
-0.38689 
-0.62506 
-0.35319 
-0.85511 
-0.39040 
 0.14270 
 0.66527 
 1.15564 
 0.77020 
-0.14307 
-0.80765 
-1.31263 
-1.15971 
-0.62253 
 0.65092 
 0.90708 
 1.39543 
 0.36528 
 0.50794 
-0.05190 
-0.57902 
-0.49318 
-0.67136 
-0.57084 
-0.54831 
 0.10465 
 0.28113 
 0.34795 
 0.42704 
 0.47651 
 0.67722 
 0.25380 
-0.53844 
-0.65668 
-1.04374 
-0.22118 
 0.35931 
 0.84624 
 1.00811 
 0.89727 
 0.44177 
 0.02114 
-0.76992 
-1.26665 
-0.89868 
-0.61902 
-0.07879 
 0.45125 
 0.22133 
 0.57677 
 0.38853 
 0.18484 
 0.13588 
-0.31267 
-0.30410 
-0.30404 
-0.58941 
-0.13028 
-0.10398 
 0.55735 
 0.23464 
 0.72897 
 0.64190 
 0.09322 
-0.01457 
-0.83706 
-0.49864 
-0.40533 
 0.34444 
-0.03463 
 0.63884 
 0.80059 
 0.21886 
 0.37132 
-0.12820 
-0.43228 
-0.60883 
-0.85421 
-0.52474 
-0.97284 
-0.66655 
 0.44035 
 0.80916 
 1.39264 
 1.36238 
 1.33303 
-0.30033 
-0.73272 
-0.98777 
-1.40918 
-0.39403 
-0.38130 
 0.40463 
 0.59761 
 0.63930 
 0.12069 
-0.23384 
 0.13172 
-0.30605 
 0.10737 
-0.16729 
 0.07205 
-0.42890 
 0.08958 
-0.04963 
 0.73819 
 0.52333 
 0.74189 
 0.72124 
-0.48546 
-0.45831 
-1.14952 
-0.65694 
-0.02957 
 0.35873 
 1.03292 
 0.67105 
 0.48606 
-0.23469 
-0.59870 
-0.65811 
-0.89200 
-0.44935 
 0.07030 
-0.19287 
 0.48573 
 0.43294 
 0.53073 
 0.66501 
 0.20029 
 0.23016 
-0.66090 
-0.54467 
-0.54532 
-0.59078 
-0.06177 
 0.22763 
 0.34951 
 0.78033 
 0.31587 
 0.00634 
-0.37098 
-0.59487 
-0.81745 
-0.50747 
 0.10186 
-0.12781 
 0.45827 
 0.59151 
 0.65878 
 0.43457 
 0.15731 
 0.10627 
-0.49565 
-0.30787 
-0.21060 
 0.04433 
 0.29269 
 0.23834 
 0.38061 
 0.44567 
 0.37847 
 0.03504 
-0.70954 
-1.00796 
-0.68519 
-0.58584 
 0.00166 
 0.05958 
 0.44496 
 0.86377 
 0.88500 
 0.44918 
 0.18685 
-0.04976 
-0.27956 
-0.54708 
-0.68701 
-0.46753 
-0.69882 
 0.27276 
 0.29678 
 1.14551 
 0.83695 
 0.14724 
-0.23397 
-0.86239 
-0.51896 
-0.79421 
-0.22209 
 0.33308 
 0.45814 
 0.78975 
 0.84176 
 0.66573 
 0.02614 
-0.39085 
-0.51519 
-0.49844 
-0.86667 
-1.24029 
-0.37598 
 0.43742 
 0.96798 
 1.14499 
 0.97324 
 0.11549 
-0.65025 
-0.70993 
-1.04751 
-0.50604 
-0.46215 
 0.35905 
 0.55781 
 0.41320 
 0.94084 
-0.09898 
 0.36217 
-0.43390 
-0.16521 
-0.02580 
-0.95459 
-0.18268 
-0.10703 
 0.82468 
 0.95266 
 0.83474 
 0.71735 
-0.08125 
-0.52513 
-0.89479 
-1.03095 
-0.96193 
-0.26761 
-0.07612 
 0.60690 
 0.57846 
 0.51768 
 0.51586 
 0.05549 
-0.03554 
-0.35728 
-0.60058 
-0.86622 
-0.16956 
 0.44009 
 0.82390 
 0.65014 
 0.74890 
 0.40022 
-0.26599 
-0.47760 
-0.70551 
-0.77869 
-0.37189 
-0.25222 
 0.31399 
 0.32444 
 0.73501 
 0.41132 
 0.14835 
 0.49775 
-0.17034 
 0.03744 
 0.12471 
-0.29352 
-0.31085 
-0.03035 
 0.14166 
 0.12939 
 0.23873 
 0.19224 
 0.32438 
-0.59805 
-0.74122 
-0.71804 
-1.16419 
-0.61532 
-0.03392 
 1.31888 
 0.84448 
 0.70293 
 0.68086 
-0.07885 
-0.15326 
-0.54500 
-0.81018 
-0.16346 
-0.08138 
 0.19406 
 0.00647 
 0.37645 
 0.20932 
-0.11521 
 0.73403 
-0.14456 
-0.19092 
-0.23345 
-0.71272 
-0.39358 
-0.27618 
 0.24763 
 0.57177 
 0.50099 
-0.17326 
 0.12406 
-0.12800 
-0.64616 
-0.37449 
-0.13865 
