-0.12747 
 0.05639 
 0.07142 
 0.00176 
 0.03850 
 0.03382 
 0.01514 
 0.02545 
-0.00153 
-0.06331 
 0.04486 
-0.01850 
-0.06565 
-0.01346 
-0.10401 
-0.00674 
-0.02832 
-0.04523 
 0.05969 
 0.03046 
 0.05478 
 0.03899 
 0.06970 
 0.04519 
 0.03244 
-0.00289 
-0.07597 
 0.08219 
 0.00957 
-0.04868 
 0.02001 
 0.03662 
-0.01033 
-0.05376 
 0.02436 
 0.00482 
 0.04117 
-0.03069 
-0.08193 
 0.04285 
-0.00658 
-0.06012 
 0.09168 
-0.08180 
 0.08980 
 0.04417 
-0.11959 
 0.14331 
 0.08641 
 0.00917 
 0.01366 
 0.06209 
 0.03629 
-0.01646 
 0.01962 
-0.07613 
-0.04183 
 0.02028 
-0.03122 
-0.06318 
 0.02486 
 0.06110 
-0.06315 
 0.01039 
-0.00236 
-0.04513 
 0.01020 
-0.14108 
-0.09323 
-0.03699 
-0.04747 
-0.11841 
 0.03880 
 0.07438 
 0.14865 
 0.13109 
 0.03929 
 0.25122 
 0.04150 
-0.02898 
-0.04183 
-0.10075 
-0.04608 
-0.05119 
-0.07541 
-0.04901 
 0.16064 
 0.06855 
 0.05240 
 0.19455 
-0.02292 
 0.08209 
 0.04865 
-0.16328 
 0.01972 
-0.12091 
-0.21538 
-0.00677 
-0.12516 
-0.04262 
 0.04908 
 0.10054 
-0.01590 
 0.13504 
 0.06262 
-0.08249 
 0.07899 
 0.01412 
-0.16022 
 0.08249 
-0.00611 
 0.03817 
 0.04878 
 0.03567 
 0.05642 
-0.00424 
 0.08588 
-0.05096 
 0.00071 
 0.00637 
-0.03264 
-0.05205 
-0.05541 
 0.02499 
 0.05478 
-0.00572 
 0.13600 
 0.03020 
 0.05000 
 0.07583 
-0.12615 
-0.00443 
-0.05926 
-0.12668 
-0.08763 
-0.08671 
-0.02763 
-0.05050 
 0.10222 
 0.00683 
 0.04542 
-0.00315 
-0.03877 
 0.05606 
-0.02134 
 0.01395 
 0.00598 
 0.01109 
 0.00825 
 0.02525 
-0.00028 
 0.00390 
 0.09834 
 0.02519 
 0.01942 
 0.06832 
-0.00028 
 0.07721 
-0.00750 
-0.06045 
 0.03227 
-0.01303 
-0.12463 
-0.00522 
-0.02249 
-0.06404 
 0.05507 
-0.07910 
-0.02180 
 0.06473 
 0.05889 
-0.03952 
 0.05797 
-0.05640 
-0.02325 
-0.00157 
-0.01152 
 0.03240 
 0.05593 
 0.05873 
-0.04210 
 0.04377 
 0.06100 
 0.05306 
 0.05649 
-0.07593 
 0.01458 
-0.00885 
-0.04579 
 0.02865 
-0.08328 
 0.06637 
 0.03870 
-0.06038 
 0.08348 
 0.07441 
 0.02753 
 0.08160 
-0.02170 
 0.04005 
 0.11013 
-0.03495 
-0.02361 
-0.01386 
-0.04434 
-0.02391 
-0.03992 
-0.02931 
-0.04615 
 0.02305 
-0.04183 
-0.09913 
 0.06423 
-0.00404 
-0.03824 
 0.07053 
 0.02957 
 0.00054 
 0.02150 
-0.00948 
-0.05429 
 0.01833 
-0.04114 
-0.02256 
-0.04641 
 0.03543 
 0.03774 
-0.00710 
 0.06100 
 0.03006 
 0.03319 
 0.03603 
 0.02581 
 0.04740 
-0.00368 
 0.00252 
 0.01211 
 0.03738 
 0.01679 
-0.06503 
 0.01043 
-0.01541 
-0.06612 
-0.04997 
 0.01339 
 0.00604 
 0.03135 
 0.07922 
 0.00499 
-0.00457 
 0.04001 
-0.00272 
-0.04549 
-0.03429 
-0.06140 
 0.03399 
-0.05511 
-0.08994 
 0.03583 
-0.02443 
 0.00196 
-0.00789 
-0.00463 
 0.09184 
 0.01296 
 0.00499 
 0.10914 
 0.06163 
 0.04572 
 0.03323 
 0.00980 
 0.06163 
 0.03939 
-0.04430 
 0.00176 
 0.04799 
-0.01623 
-0.03412 
-0.04941 
-0.02944 
-0.00872 
-0.00463 
-0.01139 
 0.02137 
 0.00459 
-0.05458 
-0.02249 
-0.05254 
-0.05261 
-0.00779 
-0.03910 
 0.00094 
 0.05448 
 0.03069 
 0.05165 
-0.02173 
 0.02249 
 0.02242 
-0.04035 
 0.03751 
 0.01478 
 0.02077 
 0.01639 
-0.03208 
 0.04861 
 0.10430 
-0.00578 
 0.06114 
 0.09201 
-0.03379 
 0.01926 
-0.00819 
-0.04793 
-0.01666 
-0.13178 
-0.04720 
 0.02413 
-0.04213 
-0.01073 
-0.03481 
 0.08206 
-0.00542 
 0.00917 
 0.01428 
 0.01303 
 0.01969 
-0.07244 
-0.04513 
-0.00002 
 0.03066 
-0.01692 
-0.00061 
 0.00486 
-0.01896 
 0.09824 
 0.02865 
-0.06068 
 0.12298 
 0.00189 
 0.01893 
 0.02166 
 0.02802 
 0.11290 
-0.00832 
 0.06107 
 0.05843 
 0.01392 
 0.05026 
-0.02074 
 0.03016 
-0.01610 
-0.01155 
-0.03270 
-0.04371 
 0.01333 
-0.01007 
-0.04997 
 0.01418 
-0.02401 
-0.00714 
-0.01597 
-0.06911 
 0.00423 
-0.06743 
-0.10022 
-0.01560 
 0.02644 
 0.00417 
 0.02087 
 0.00772 
 0.08107 
 0.07731 
 0.03794 
 0.02127 
 0.02067 
 0.06941 
-0.08529 
-0.09531 
 0.02341 
-0.08114 
-0.01333 
 0.00591 
-0.06104 
 0.08417 
 0.04011 
 0.02885 
 0.01794 
 0.02166 
 0.06749 
-0.05000 
-0.00806 
 0.00305 
-0.05046 
 0.00094 
-0.05883 
-0.02008 
 0.05741 
 0.03237 
-0.02233 
 0.04575 
 0.06104 
 0.00644 
 0.01072 
-0.06901 
-0.04546 
 0.01965 
-0.10223 
-0.06411 
 0.01738 
-0.02806 
 0.03066 
 0.01451 
 0.01112 
 0.04552 
 0.09679 
 0.00571 
-0.02338 
 0.12028 
 0.01820 
 0.01880 
 0.03399 
 0.04782 
 0.06074 
 0.05359 
 0.02670 
 0.01504 
 0.04051 
 0.00334 
-0.07834 
-0.06348 
 0.01889 
-0.09389 
-0.09564 
-0.01132 
-0.02022 
-0.03172 
-0.01659 
-0.00908 
 0.07036 
 0.05672 
 0.04021 
 0.03402 
-0.02239 
 0.08249 
 0.02927 
-0.12496 
 0.01893 
-0.00684 
-0.07379 
 0.05932 
-0.03771 
 0.05573 
 0.13929 
-0.05158 
 0.03919 
 0.09214 
 0.01273 
 0.01056 
 0.05178 
-0.00681 
-0.02671 
 0.02387 
-0.00868 
 0.00064 
 0.01758 
-0.04562 
 0.03883 
-0.04849 
-0.01547 
-0.05455 
-0.03653 
-0.00242 
-0.11943 
-0.00064 
 0.05547 
-0.03468 
 0.01494 
-0.02213 
 0.02529 
 0.00255 
-0.04990 
 0.09211 
-0.01501 
 0.02308 
 0.07593 
-0.03564 
-0.00167 
 0.02077 
 0.01998 
 0.02515 
 0.01952 
 0.06941 
 0.04476 
 0.09741 
 0.09445 
 0.03306 
 0.08717 
 0.00914 
-0.05646 
 0.01827 
-0.03745 
-0.07129 
 0.00697 
-0.02714 
-0.06944 
-0.05471 
 0.04008 
 0.00654 
-0.07989 
 0.05013 
 0.01982 
-0.01274 
-0.01870 
 0.00585 
-0.02216 
-0.03854 
 0.03567 
-0.02088 
-0.08038 
 0.13175 
 0.01145 
-0.07027 
 0.12558 
-0.01735 
-0.02990 
 0.02677 
-0.05396 
 0.03504 
 0.01148 
-0.05471 
 0.04104 
 0.05016 
-0.09504 
-0.01755 
-0.07271 
-0.07244 
 0.10357 
-0.11313 
-0.05742 
 0.12064 
 0.00614 
 0.02710 
 0.11794 
 0.04756 
 0.01158 
 0.08094 
-0.05386 
-0.06664 
-0.00107 
-0.06760 
-0.05175 
-0.06869 
 0.03646 
-0.01597 
 0.06008 
 0.14582 
 0.06479 
 0.05296 
 0.07455 
-0.05188 
-0.01231 
-0.02832 
-0.13613 
-0.03864 
-0.04694 
-0.00107 
 0.02552 
-0.00776 
 0.09698 
 0.09965 
 0.00298 
 0.04427 
 0.06680 
-0.00190 
 0.00338 
-0.08094 
-0.14562 
 0.03039 
-0.02555 
-0.07356 
 0.03379 
 0.06634 
 0.05665 
 0.05273 
 0.01791 
-0.00081 
 0.14051 
-0.08668 
-0.02269 
 0.04644 
-0.10075 
 0.08117 
-0.01069 
 0.02552 
 0.02242 
 0.02459 
 0.04252 
 0.01016 
 0.06430 
-0.05626 
-0.08163 
 0.02061 
-0.00832 
-0.13399 
-0.04780 
 0.03138 
-0.07191 
 0.08941 
-0.02611 
 0.04756 
 0.17626 
 0.00964 
-0.03218 
 0.04005 
 0.03814 
-0.03340 
-0.02740 
-0.06055 
-0.00931 
 0.01899 
-0.06862 
 0.01738 
 0.00081 
 0.02397 
 0.01642 
-0.03389 
 0.05300 
 0.00624 
 0.00881 
-0.01458 
 0.00186 
-0.00756 
-0.00747 
 0.01481 
-0.07366 
 0.08272 
 0.01688 
-0.08404 
 0.05919 
-0.04575 
-0.01297 
 0.09257 
-0.06839 
 0.04058 
 0.12242 
 0.04054 
-0.00424 
 0.08311 
 0.07665 
-0.07544 
-0.05640 
-0.00634 
-0.04440 
-0.04295 
-0.03821 
-0.03353 
 0.02100 
 0.00265 
-0.00298 
 0.01567 
 0.10081 
 0.03165 
-0.03234 
 0.05122 
 0.02595 
 0.01422 
 0.04384 
-0.03722 
 0.03016 
 0.07376 
 0.01352 
 0.01929 
-0.02269 
-0.04219 
 0.01560 
-0.09033 
-0.05626 
-0.02598 
 0.01784 
 0.00548 
-0.03386 
 0.00924 
 0.05501 
-0.01040 
-0.06499 
-0.01580 
 0.00624 
-0.05784 
-0.05264 
-0.02137 
 0.02285 
 0.10173 
-0.05366 
-0.01419 
 0.06265 
-0.01406 
 0.02697 
 0.04255 
-0.07804 
 0.02051 
 0.03431 
-0.01672 
-0.04523 
 0.05306 
 0.02305 
 0.03059 
 0.02025 
 0.09066 
 0.09830 
 0.01290 
 0.12565 
-0.01145 
-0.00259 
 0.08196 
-0.09070 
 0.02769 
-0.03205 
-0.08249 
 0.00987 
-0.08378 
-0.00193 
-0.05709 
-0.01547 
-0.01244 
-0.10895 
 0.03777 
-0.04094 
 0.01530 
-0.00176 
-0.00546 
 0.04799 
-0.01277 
 0.09698 
 0.03507 
 0.02782 
 0.11731 
 0.08051 
 0.04815 
 0.06585 
 0.01632 
-0.01010 
 0.03524 
-0.04707 
-0.04391 
 0.08427 
-0.00750 
 0.02275 
-0.00401 
-0.03514 
-0.00832 
-0.05129 
-0.10299 
-0.04173 
-0.01000 
-0.05775 
-0.01036 
-0.07676 
-0.06434 
 0.05006 
 0.00611 
-0.07096 
 0.10726 
 0.06357 
-0.01027 
 0.06456 
-0.03079 
 0.03270 
 0.01514 
-0.06539 
-0.04562 
 0.01118 
 0.03504 
 0.01112 
 0.00614 
 0.05494 
 0.09079 
 0.03217 
 0.03820 
 0.05379 
-0.00107 
-0.01086 
-0.00285 
-0.01794 
 0.00881 
-0.01036 
 0.01998 
-0.08098 
 0.01504 
 0.05896 
-0.07392 
 0.00318 
 0.03461 
-0.01099 
-0.03125 
-0.04974 
-0.02453 
 0.00104 
-0.03333 
-0.04555 
-0.00812 
 0.04133 
-0.00859 
 0.05323 
 0.08189 
 0.02502 
-0.00233 
 0.01059 
 0.04660 
-0.01537 
 0.01632 
 0.00459 
-0.00391 
 0.06466 
 0.02980 
 0.00169 
 0.10232 
 0.02074 
 0.12641 
 0.04436 
 0.03329 
 0.18180 
-0.00803 
-0.03017 
-0.06411 
-0.10750 
-0.10084 
-0.10364 
-0.09070 
-0.05784 
-0.03481 
-0.01949 
-0.05771 
 0.03122 
 0.03959 
-0.02822 
 0.01481 
 0.03385 
 0.04502 
-0.00631 
-0.01139 
-0.04318 
-0.04233 
-0.00417 
-0.01307 
-0.02219 
 0.02525 
 0.01267 
-0.04407 
 0.05438 
-0.02526 
 0.08137 
 0.03343 
 0.03843 
 0.07039 
 0.10140 
 0.07349 
 0.03748 
 0.10898 
 0.03794 
-0.02130 
 0.04684 
-0.04084 
-0.01442 
-0.01781 
-0.05534 
 0.03590 
 0.01418 
-0.05340 
-0.03732 
-0.03046 
-0.08674 
-0.10948 
-0.08315 
-0.03728 
-0.04068 
-0.03699 
-0.06058 
-0.07837 
 0.08588 
 0.03824 
-0.05798 
 0.19873 
 0.08628 
 0.10123 
 0.16773 
 0.00720 
 0.09949 
 0.01609 
-0.00628 
-0.01748 
-0.05804 
 0.04654 
-0.01323 
 0.01820 
 0.04074 
 0.02347 
-0.00578 
-0.01102 
-0.02285 
-0.07073 
-0.10167 
-0.04783 
-0.13999 
-0.03689 
 0.00334 
-0.09844 
-0.02542 
 0.06137 
-0.04509 
 0.05148 
 0.01379 
-0.03755 
 0.10733 
-0.03165 
-0.00572 
-0.02140 
 0.00081 
 0.04703 
 0.00222 
 0.05712 
 0.06219 
 0.02667 
 0.04888 
 0.04189 
-0.00025 
 0.09942 
 0.01395 
 0.05313 
 0.07553 
 0.01263 
 0.00031 
-0.08865 
-0.03541 
-0.04565 
-0.06730 
-0.01017 
-0.03313 
 0.07428 
 0.11784 
 0.08693 
 0.12367 
 0.12186 
 0.09801 
-0.25538 
-0.36226 
-0.27854 
-0.21521 
-0.25880 
-0.16720 
 0.17161 
 0.30081 
 0.34186 
 0.40925 
 0.34233 
 0.20453 
 0.06133 
-0.15818 
-0.33455 
-0.27762 
-0.23399 
-0.25099 
-0.04997 
 0.11751 
 0.32384 
 0.35626 
 0.39103 
 0.30799 
 0.10288 
 0.04558 
-0.10645 
-0.22549 
-0.27208 
-0.33640 
-0.24174 
-0.16783 
 0.02825 
 0.06585 
 0.08997 
 0.21689 
 0.14308 
 0.18150 
 0.02917 
-0.01310 
 0.02262 
-0.12012 
-0.06941 
-0.10592 
-0.18796 
-0.04094 
-0.10374 
-0.07320 
 0.06779 
 0.02486 
 0.09797 
 0.17675 
 0.13016 
 0.10502 
 0.04591 
-0.01989 
 0.03596 
-0.17801 
-0.15511 
-0.04480 
-0.21607 
-0.08318 
 0.08944 
 0.13030 
 0.21162 
 0.27310 
 0.16727 
 0.20941 
 0.05988 
-0.09201 
-0.20256 
-0.16977 
-0.12671 
-0.30450 
-0.05208 
 0.12473 
-0.03659 
 0.12160 
 0.17372 
 0.11511 
 0.12667 
-0.05119 
 0.00703 
-0.06048 
-0.20826 
-0.13893 
-0.13712 
-0.07158 
 0.11794 
 0.06259 
 0.09669 
 0.22908 
 0.04051 
 0.00239 
-0.02170 
-0.07205 
 0.02934 
 0.05372 
-0.02239 
 0.04861 
 0.10110 
 0.03122 
-0.02776 
-0.10677 
 0.00440 
 0.02163 
-0.06849 
 0.06964 
 0.09801 
 0.04100 
 0.05112 
-0.00018 
-0.06460 
-0.10005 
-0.12608 
-0.16117 
-0.31838 
-0.21656 
 0.03896 
-0.08081 
 0.52780 
 0.65142 
 0.26677 
 0.33504 
-0.16767 
-1.23625 
-0.72171 
 0.06618 
-0.63482 
-0.05369 
 0.74704 
 0.71993 
 0.92309 
 0.81716 
-0.14740 
-0.05742 
-0.09208 
-0.59011 
-0.44250 
-0.48533 
-0.12397 
 0.06127 
-0.09649 
 0.11184 
 0.35340 
 0.29455 
 0.23979 
 0.23247 
-0.00727 
-0.05808 
-0.20701 
-0.44530 
-0.25449 
-0.31992 
-0.19923 
-0.12243 
 0.07277 
 0.35649 
 0.27481 
 0.34737 
 0.16845 
 0.05296 
 0.13059 
-0.14938 
-0.20740 
-0.07053 
-0.03498 
 0.03125 
 0.03382 
-0.06921 
 0.10832 
 0.13395 
 0.03135 
 0.17873 
 0.02394 
 0.12819 
 0.10437 
-0.11768 
-0.08055 
-0.09630 
-0.11442 
-0.18892 
-0.03350 
-0.00450 
-0.01102 
 0.16407 
 0.06776 
 0.08522 
 0.08166 
-0.06473 
-0.02710 
-0.03218 
-0.10388 
-0.02137 
-0.04770 
-0.05854 
 0.07303 
 0.06924 
-0.04562 
 0.03725 
 0.07751 
-0.01814 
 0.09979 
 0.08298 
 0.08950 
 0.07062 
-0.03712 
-0.05626 
-0.10941 
-0.14091 
-0.10430 
-0.08335 
-0.03976 
 0.02548 
 0.08717 
 0.12140 
 0.06232 
 0.05359 
-0.08088 
-0.02684 
-0.08447 
-0.12878 
-0.00262 
-0.06203 
 0.03372 
 0.04944 
 0.04199 
 0.10852 
 0.03603 
 0.08061 
 0.01135 
-0.06928 
 0.04624 
-0.03330 
 0.02242 
-0.00967 
-0.05046 
 0.05830 
 0.08133 
 0.03382 
 0.13007 
 0.21122 
 0.20249 
 0.09791 
-0.09531 
-0.33393 
-0.45891 
-0.45881 
-0.31989 
-0.04780 
 0.05270 
 0.21214 
 0.40707 
 0.41241 
 0.40407 
 0.19797 
 0.07616 
 0.00571 
-0.33735 
-0.24816 
-0.32569 
-0.31637 
-0.05527 
-0.08331 
 0.08186 
 0.24826 
 0.23330 
 0.31448 
 0.25284 
 0.11224 
 0.03491 
-0.06394 
-0.15521 
-0.24025 
-0.21587 
-0.21600 
-0.15857 
 0.02941 
 0.04825 
 0.25465 
 0.17814 
 0.13758 
 0.22022 
 0.01385 
 0.07277 
-0.10529 
-0.18173 
-0.06368 
-0.12720 
-0.12335 
-0.00852 
-0.00513 
 0.05738 
 0.09959 
 0.10845 
 0.08114 
 0.12888 
 0.07221 
-0.02420 
-0.08707 
-0.12822 
-0.08766 
-0.06295 
-0.11775 
-0.05623 
 0.10588 
 0.06163 
 0.11184 
 0.09573 
 0.11850 
 0.12924 
 0.02598 
-0.04948 
 0.00871 
-0.10635 
-0.14015 
-0.04450 
-0.14239 
 0.02278 
 0.03412 
-0.04371 
 0.04749 
 0.07231 
 0.06634 
 0.01066 
 0.02110 
-0.02107 
 0.01685 
 0.03794 
-0.05435 
 0.09883 
 0.02202 
-0.04160 
 0.07099 
-0.03201 
 0.04489 
 0.09834 
-0.01633 
-0.04246 
 0.02486 
-0.00493 
-0.08796 
-0.02760 
 0.02743 
 0.02291 
-0.00905 
 0.04486 
 0.05988 
 0.00117 
 0.00746 
-0.01261 
-0.08262 
 0.00993 
-0.01570 
-0.07804 
 0.06815 
 0.02529 
-0.03425 
-0.03205 
 0.05059 
 0.07392 
-0.01910 
 0.00067 
-0.04816 
 0.02624 
-0.04002 
-0.15053 
 0.01553 
-0.04216 
-0.01738 
-0.01007 
-0.08453 
 0.12420 
 0.03418 
 0.01029 
 0.04512 
 0.02670 
 0.06838 
 0.01379 
-0.05656 
-0.00565 
 0.03945 
-0.01112 
 0.03540 
 0.09188 
 0.07965 
 0.04789 
 0.13745 
 0.01903 
 0.02993 
-0.01801 
-0.13313 
-0.06822 
-0.12019 
-0.06417 
-0.07359 
-0.05182 
 0.04034 
 0.05787 
 0.03478 
 0.07906 
 0.06417 
 0.05567 
 0.00133 
-0.00895 
-0.09738 
-0.04160 
-0.05949 
-0.10766 
 0.07066 
-0.03079 
 0.08845 
 0.11171 
 0.10110 
 0.12394 
 0.05293 
 0.00753 
 0.00637 
-0.03643 
-0.09831 
-0.11906 
-0.04341 
-0.04635 
-0.01468 
 0.05178 
 0.04852 
 0.14476 
 0.11013 
 0.12100 
 0.04532 
-0.01626 
 0.01995 
-0.13043 
-0.10859 
-0.08523 
-0.14299 
-0.04051 
-0.05033 
 0.02604 
 0.11484 
 0.07626 
 0.04282 
 0.08871 
 0.09155 
-0.02190 
 0.00473 
-0.10480 
-0.07004 
-0.05814 
-0.13501 
-0.04206 
 0.05336 
 0.09530 
 0.12631 
 0.08832 
 0.11616 
 0.18410 
-0.04018 
 0.01089 
-0.02684 
-0.09946 
-0.07979 
-0.18641 
-0.05883 
-0.03636 
-0.00170 
 0.06535 
-0.05577 
 0.13623 
 0.10173 
-0.03495 
 0.05062 
-0.04717 
-0.12196 
-0.08279 
-0.07547 
-0.10701 
 0.01534 
-0.00503 
 0.05013 
 0.10525 
 0.16232 
 0.12404 
 0.09616 
 0.11784 
-0.01952 
-0.01389 
-0.07847 
-0.16430 
-0.08839 
-0.11056 
-0.08984 
 0.01866 
 0.05198 
 0.23913 
 0.05632 
 0.18542 
 0.20898 
 0.02618 
 0.13623 
-0.06944 
-0.09132 
-0.03102 
-0.14720 
-0.12816 
-0.11379 
-0.00908 
 0.06130 
-0.02265 
 0.08588 
 0.09115 
 0.06782 
 0.03603 
-0.02661 
-0.10645 
-0.06635 
-0.13132 
-0.16572 
-0.01208 
-0.03972 
 0.02894 
 0.05382 
 0.04427 
 0.06301 
 0.05349 
 0.05547 
-0.05560 
 0.08140 
 0.08703 
-0.08608 
 0.04071 
 0.02621 
 0.05468 
 0.02908 
 0.00064 
 0.12081 
 0.01520 
 0.13277 
 0.00568 
-0.03290 
 0.08209 
-0.09208 
-0.07719 
-0.03985 
-0.02180 
-0.04773 
-0.00252 
 0.01583 
 0.00146 
 0.00539 
 0.05359 
-0.04312 
-0.03376 
-0.01010 
-0.01616 
-0.04252 
-0.09307 
-0.03089 
-0.00496 
 0.02209 
 0.05155 
 0.02621 
 0.09438 
 0.06878 
 0.14931 
 0.04008 
 0.00173 
 0.15603 
-0.09462 
-0.02595 
-0.01844 
-0.09663 
-0.03099 
 0.01165 
 0.02690 
 0.07857 
 0.11600 
 0.05122 
 0.08364 
-0.01323 
-0.02938 
-0.13521 
-0.12585 
-0.02602 
-0.07972 
-0.08028 
-0.03481 
 0.04018 
-0.03076 
 0.02954 
 0.05062 
-0.01491 
 0.07613 
-0.01527 
-0.03145 
 0.08535 
-0.07501 
-0.10668 
 0.00133 
-0.03956 
 0.00578 
 0.02571 
 0.07138 
 0.14694 
 0.18232 
 0.08143 
 0.00598 
 0.07102 
 0.03698 
-0.09504 
-0.11086 
-0.05303 
-0.05439 
-0.01452 
-0.10335 
-0.00183 
 0.09524 
-0.04552 
 0.03118 
 0.01171 
 0.01254 
 0.00331 
-0.06272 
-0.09287 
-0.04631 
 0.01204 
-0.08341 
 0.05840 
 0.06562 
 0.00667 
 0.08950 
-0.01514 
 0.04944 
 0.11132 
-0.07392 
-0.01438 
-0.00569 
-0.05521 
 0.04160 
-0.07986 
 0.04693 
 0.04601 
 0.05455 
 0.07392 
 0.03428 
 0.12733 
 0.05876 
 0.00904 
 0.13161 
 0.03501 
-0.01742 
-0.00915 
-0.07775 
-0.09758 
 0.02779 
-0.10687 
-0.06068 
 0.11511 
-0.04898 
-0.01069 
-0.03992 
-0.03775 
 0.04581 
-0.13070 
-0.04756 
-0.02308 
-0.02259 
 0.06084 
 0.08031 
-0.00592 
 0.10664 
 0.05833 
-0.04051 
 0.05781 
 0.01764 
-0.02473 
-0.02420 
-0.03705 
-0.08150 
 0.01998 
-0.03310 
-0.01435 
 0.13850 
-0.02832 
 0.04344 
 0.11781 
-0.02562 
 0.09857 
 0.01056 
-0.06420 
-0.07386 
 0.05540 
-0.08437 
-0.13310 
 0.05797 
-0.03748 
-0.02427 
-0.01768 
 0.09909 
 0.04390 
 0.07484 
 0.00934 
-0.01270 
 0.06637 
-0.06869 
-0.09603 
-0.04239 
-0.07560 
 0.00835 
 0.02282 
-0.09290 
 0.10268 
 0.07385 
 0.00871 
 0.13138 
-0.00298 
 0.06420 
 0.14414 
 0.01115 
-0.02990 
 0.00585 
-0.01303 
-0.09923 
-0.02704 
-0.00295 
-0.01132 
 0.06262 
-0.00223 
 0.04226 
 0.06427 
-0.03653 
-0.01330 
-0.01976 
-0.07043 
-0.09854 
-0.14124 
-0.03850 
 0.04894 
-0.07577 
 0.02552 
 0.01428 
 0.09932 
 0.02137 
 0.02677 
 0.02865 
-0.04868 
 0.02967 
-0.05284 
-0.02812 
-0.01069 
 0.05583 
 0.06990 
 0.03517 
 0.05352 
 0.13329 
 0.01016 
 0.07425 
-0.00750 
-0.05752 
 0.01438 
-0.08134 
-0.04753 
 0.05774 
-0.04480 
-0.02470 
 0.06114 
 0.01665 
 0.00232 
 0.01385 
-0.03119 
-0.02737 
 0.00591 
-0.06134 
-0.00799 
-0.02796 
-0.05442 
 0.02410 
-0.01867 
 0.01303 
 0.08334 
 0.00183 
 0.04423 
 0.02295 
-0.04210 
 0.07978 
-0.04200 
-0.08411 
 0.00637 
-0.07271 
 0.01922 
 0.11547 
-0.02892 
 0.11893 
 0.13148 
 0.05102 
 0.04390 
 0.06509 
 0.03356 
-0.11570 
 0.03142 
-0.01560 
-0.07241 
 0.03534 
-0.01036 
-0.03537 
 0.05876 
 0.00743 
-0.02265 
 0.07774 
 0.03431 
-0.02447 
 0.05474 
-0.07979 
-0.03896 
-0.01712 
-0.06483 
 0.01567 
-0.02832 
 0.07030 
 0.01461 
 0.00657 
 0.08081 
 0.01646 
-0.03050 
 0.00539 
 0.03418 
-0.01593 
-0.04783 
 0.00311 
-0.04012 
-0.03989 
-0.04338 
-0.09498 
-0.04028 
-0.01046 
 0.01939 
-0.01040 
-0.01036 
 0.05936 
 0.04578 
 0.03540 
-0.00816 
 0.03099 
 0.09359 
-0.01649 
 0.01431 
 0.05313 
-0.01102 
 0.05395 
-0.04493 
 0.00604 
 0.02977 
-0.00315 
 0.01586 
-0.05969 
 0.03791 
 0.02268 
-0.01712 
-0.06015 
 0.02535 
-0.01020 
-0.05929 
-0.02233 
 0.01418 
 0.01982 
 0.00038 
 0.08117 
 0.02262 
 0.02160 
 0.01787 
-0.00891 
-0.00223 
-0.02064 
 0.01412 
 0.02743 
 0.00127 
 0.05988 
 0.00772 
-0.01636 
-0.02246 
-0.04855 
 0.04288 
-0.03999 
-0.00753 
 0.05464 
-0.01050 
 0.04387 
 0.05962 
-0.05317 
 0.03227 
 0.08614 
-0.03686 
 0.00835 
-0.00516 
-0.04097 
-0.04055 
-0.06575 
 0.00407 
-0.00723 
-0.03399 
 0.07593 
 0.01639 
 0.03550 
 0.00311 
-0.05066 
 0.01161 
-0.02193 
-0.05050 
 0.00983 
 0.06212 
-0.02872 
 0.04838 
 0.04878 
-0.01013 
 0.05306 
 0.03537 
-0.04486 
-0.03109 
 0.01418 
 0.02077 
-0.04974 
-0.00397 
-0.02223 
-0.02934 
-0.01521 
-0.00789 
-0.00170 
 0.02146 
 0.04832 
 0.02618 
 0.01227 
 0.01026 
 0.01576 
-0.02819 
-0.07682 
 0.02291 
-0.04832 
 0.01296 
 0.06176 
 0.04324 
 0.06535 
 0.07016 
 0.03919 
 0.03791 
 0.01899 
-0.00269 
-0.00358 
 0.06222 
-0.00542 
-0.02723 
 0.01576 
-0.04868 
-0.00450 
-0.06513 
 0.00301 
 0.01655 
-0.02971 
 0.00855 
 0.03922 
-0.01168 
 0.05125 
-0.00440 
-0.02582 
 0.02852 
 0.01560 
 0.03896 
 0.00463 
 0.06595 
 0.04539 
 0.01912 
-0.05251 
 0.05379 
 0.01468 
 0.01227 
-0.01699 
-0.05570 
 0.01972 
-0.03702 
-0.07989 
-0.11841 
-0.13027 
 0.02565 
-0.05761 
-0.10374 
 0.02265 
 0.03201 
 0.00697 
-0.05178 
 0.05777 
-0.00368 
 0.06766 
 0.02555 
-0.07046 
 0.07105 
 0.05616 
-0.02579 
 0.00509 
 0.01662 
 0.07277 
 0.05329 
-0.01099 
 0.08964 
 0.04021 
-0.00081 
-0.03771 
-0.00747 
 0.04443 
 0.00196 
-0.08430 
 0.02756 
 0.06189 
 0.02987 
 0.03913 
-0.02579 
 0.04397 
 0.09352 
-0.03208 
-0.14414 
 0.01036 
-0.02651 
-0.11346 
-0.06338 
-0.06552 
 0.06351 
 0.03178 
-0.01742 
 0.07399 
 0.04997 
 0.05629 
 0.04809 
-0.01669 
 0.04077 
 0.01046 
-0.02697 
 0.01448 
 0.00390 
 0.02466 
 0.06591 
 0.03939 
 0.07115 
 0.08219 
 0.07787 
-0.01725 
-0.02628 
 0.02107 
-0.11086 
-0.02832 
-0.07630 
-0.05514 
 0.03201 
-0.05020 
-0.02058 
-0.00786 
 0.01277 
 0.01547 
 0.02361 
-0.02427 
-0.02585 
 0.08364 
 0.02924 
-0.07547 
 0.00071 
 0.01524 
 0.01346 
-0.04888 
 0.03646 
 0.03458 
 0.03109 
 0.11066 
 0.01069 
 0.03945 
 0.03474 
-0.02832 
-0.04387 
 0.00680 
-0.01564 
-0.06944 
-0.08457 
 0.05926 
-0.02173 
 0.00143 
-0.00457 
 0.03092 
 0.10087 
 0.03669 
-0.05870 
 0.01138 
 0.04466 
-0.16144 
-0.02002 
-0.00358 
-0.04470 
 0.05959 
 0.02005 
 0.06703 
 0.01385 
 0.07389 
 0.07675 
-0.03359 
-0.02338 
 0.05438 
 0.00927 
-0.00348 
 0.00018 
 0.05491 
-0.00924 
-0.05953 
 0.06483 
 0.02443 
 0.00509 
-0.07409 
-0.04938 
 0.09992 
-0.01949 
-0.06635 
-0.01165 
 0.02044 
 0.04123 
 0.01385 
 0.05468 
 0.07408 
 0.11099 
 0.00611 
-0.02440 
 0.01313 
-0.04674 
-0.03636 
-0.13366 
-0.13366 
 0.01474 
-0.05234 
-0.02882 
 0.13158 
-0.00410 
 0.00074 
 0.01912 
 0.01165 
-0.00107 
-0.02994 
-0.00878 
-0.09435 
-0.10977 
 0.00812 
-0.07705 
-0.02140 
 0.07801 
 0.00901 
 0.01550 
 0.03926 
 0.02331 
 0.08298 
 0.00367 
-0.06157 
 0.03293 
-0.00127 
 0.03125 
 0.08334 
-0.00242 
 0.18628 
 0.10493 
 0.00641 
 0.04479 
 0.08532 
-0.02842 
-0.04648 
-0.01142 
-0.05521 
-0.05040 
-0.06605 
-0.06328 
-0.03962 
 0.06937 
-0.03534 
 0.02598 
 0.07909 
-0.04331 
-0.01982 
-0.18210 
-0.07653 
-0.04312 
-0.12974 
 0.12394 
 0.04038 
 0.03708 
 0.12265 
 0.15596 
 0.04473 
 0.08183 
 0.13797 
-0.08668 
-0.02918 
 0.02835 
-0.00865 
-0.07070 
 0.07385 
 0.02555 
 0.05774 
 0.05349 
-0.03056 
 0.07270 
 0.00341 
-0.05261 
-0.02832 
-0.06447 
-0.08951 
-0.01692 
-0.09511 
-0.11528 
 0.08466 
-0.01373 
-0.03350 
 0.14058 
-0.06542 
 0.07857 
-0.01979 
-0.14167 
 0.06015 
-0.05231 
-0.04358 
 0.05544 
 0.03333 
 0.01079 
 0.10371 
 0.07497 
-0.03234 
 0.12951 
 0.02466 
-0.03808 
 0.14562 
-0.01023 
-0.03353 
 0.04001 
-0.07801 
 0.07046 
-0.01962 
-0.10127 
-0.01356 
 0.01992 
-0.00338 
-0.09182 
 0.00199 
-0.02885 
-0.03636 
-0.05610 
-0.05949 
-0.00256 
-0.05412 
 0.01695 
-0.06275 
-0.00974 
 0.07237 
-0.02466 
 0.02881 
 0.01471 
 0.03329 
 0.09899 
 0.06548 
 0.05013 
 0.09339 
 0.08173 
 0.00048 
 0.02565 
-0.03359 
 0.05946 
 0.02776 
-0.06210 
-0.01956 
 0.00624 
-0.03933 
-0.01102 
 0.09056 
 0.01109 
 0.13679 
 0.02578 
-0.10183 
 0.14453 
-0.01409 
-0.13682 
-0.02816 
-0.08740 
-0.04743 
-0.03195 
-0.09524 
-0.10035 
 0.08997 
-0.00022 
-0.03310 
 0.02084 
 0.04575 
 0.00558 
 0.00828 
 0.00357 
-0.00440 
 0.04028 
 0.00848 
-0.03386 
 0.01418 
 0.04723 
-0.08954 
 0.04486 
 0.00189 
-0.02404 
 0.12255 
 0.00344 
 0.03333 
 0.10740 
-0.01857 
 0.07405 
 0.00911 
-0.01692 
 0.06891 
-0.04539 
 0.00024 
 0.03033 
-0.05073 
-0.01867 
-0.02845 
 0.01975 
-0.02295 
-0.00012 
 0.01141 
 0.00282 
 0.05916 
-0.06532 
-0.04012 
 0.02591 
-0.10233 
-0.05748 
 0.02802 
-0.05208 
 0.05468 
 0.06591 
-0.00025 
 0.03540 
 0.10170 
 0.02370 
 0.04825 
 0.01685 
 0.04730 
 0.04097 
 0.03399 
-0.02882 
-0.03742 
-0.01086 
-0.01092 
-0.02272 
-0.05844 
 0.08690 
 0.01072 
-0.02055 
-0.02496 
 0.01369 
 0.02370 
-0.03570 
-0.01382 
-0.06384 
 0.05771 
-0.05432 
-0.13244 
 0.02361 
-0.01768 
-0.02196 
 0.10924 
 0.00239 
 0.02651 
 0.08456 
-0.01119 
-0.00348 
-0.02114 
-0.01465 
-0.02104 
-0.07373 
-0.00374 
 0.04964 
 0.00891 
 0.05474 
 0.06183 
 0.06717 
 0.08753 
 0.06344 
 0.01372 
 0.04166 
-0.01560 
-0.06822 
-0.02845 
-0.04948 
-0.05745 
-0.03801 
-0.04700 
-0.00361 
 0.05754 
-0.08845 
 0.01758 
 0.10252 
-0.02424 
-0.03106 
-0.07564 
 0.03866 
-0.04055 
-0.06836 
-0.04312 
 0.00585 
 0.08348 
 0.00351 
 0.00100 
 0.06298 
 0.02789 
 0.07165 
-0.04615 
 0.06677 
 0.07791 
 0.01171 
 0.08558 
 0.00990 
 0.07774 
 0.06469 
 0.04799 
-0.04453 
-0.02756 
 0.01576 
-0.06223 
-0.05458 
-0.03415 
-0.01880 
-0.03382 
-0.02262 
-0.03728 
 0.04084 
 0.05593 
-0.00338 
 0.06977 
 0.05359 
-0.00941 
 0.01557 
 0.06644 
-0.02209 
-0.04865 
-0.05007 
-0.09185 
-0.07000 
 0.00015 
-0.09277 
 0.02031 
 0.01860 
 0.08654 
 0.07922 
 0.03056 
 0.10374 
 0.04021 
 0.00436 
 0.01382 
-0.04272 
-0.01435 
-0.03992 
-0.12051 
 0.02423 
-0.01676 
 0.01089 
 0.05563 
-0.01326 
 0.05777 
 0.08634 
-0.03864 
 0.00384 
 0.01135 
-0.02938 
 0.01511 
-0.07722 
 0.04677 
-0.03722 
-0.03155 
 0.00749 
-0.09116 
 0.02743 
-0.00144 
-0.01636 
 0.11781 
 0.07949 
 0.08700 
 0.14568 
 0.12621 
 0.02450 
 0.00769 
-0.23946 
-0.34220 
 0.21890 
-0.17043 
-0.09504 
 0.15824 
-0.06542 
 0.09781 
 0.03504 
-0.02048 
 0.12044 
 0.13504 
-0.03307 
-0.07729 
 0.01876 
-0.02529 
-0.11211 
-0.09939 
-0.15267 
-0.07122 
 0.02815 
 0.08338 
 0.18954 
 0.15524 
 0.15158 
 0.05092 
-0.03244 
-0.02117 
-0.05666 
-0.13679 
-0.13610 
-0.09827 
-0.06720 
-0.08015 
-0.05936 
 0.00384 
 0.16364 
 0.03748 
 0.10743 
 0.14588 
 0.12443 
 0.07922 
-0.00862 
-0.04322 
-0.16954 
-0.00621 
-0.05577 
-0.14252 
 0.12226 
 0.15201 
 0.08690 
 0.15135 
-0.00308 
 0.02914 
 0.04216 
-0.09376 
-0.08971 
-0.12730 
-0.06799 
-0.08223 
-0.11439 
 0.01794 
 0.07428 
 0.05507 
 0.08634 
 0.12601 
 0.12334 
 0.03481 
 0.01161 
-0.08358 
-0.12961 
-0.10513 
-0.10401 
-0.09152 
-0.01518 
 0.12815 
 0.12542 
 0.17672 
 0.19702 
 0.17626 
 0.05929 
 0.00202 
-0.05834 
-0.10364 
-0.09636 
-0.16994 
-0.04266 
-0.03425 
-0.02186 
 0.09774 
 0.04226 
 0.12186 
 0.16450 
 0.01764 
 0.06140 
-0.02453 
-0.05247 
-0.13547 
-0.08190 
-0.12661 
-0.12180 
 0.12588 
-0.02756 
 0.04407 
 0.20568 
 0.07913 
 0.07919 
 0.03804 
 0.06189 
 0.02410 
-0.10084 
-0.11234 
-0.09689 
-0.11452 
-0.04493 
-0.02295 
-0.00585 
 0.07105 
 0.19498 
 0.07768 
 0.02328 
 0.18262 
 0.05217 
-0.11402 
-0.08878 
-0.14131 
-0.14671 
-0.13136 
-0.14645 
-0.03959 
 0.05616 
 0.09962 
 0.05481 
 0.12746 
 0.15194 
 0.11847 
-0.04536 
 0.01247 
 0.09988 
-0.15287 
-0.13518 
-0.01445 
-0.13251 
 0.02229 
 0.09063 
-0.01363 
 0.19056 
 0.16964 
 0.01122 
 0.01112 
 0.08288 
-0.09897 
-0.13920 
 0.07273 
-0.07847 
-0.02107 
 0.17685 
 0.07824 
 0.04621 
 0.06740 
-0.13340 
-0.34296 
-0.24608 
-0.46289 
-0.45327 
 0.11310 
 0.14984 
 0.42345 
 0.47412 
 0.40121 
 0.38299 
 0.30404 
 0.03270 
-0.26727 
-0.22450 
-0.42375 
-0.43258 
-0.39772 
-0.28747 
 0.04555 
 0.14895 
 0.30743 
 0.42051 
 0.46579 
 0.44773 
 0.28546 
-0.01076 
-0.03247 
-0.32651 
-0.38708 
-0.41657 
-0.46971 
-0.11501 
-0.12862 
 0.04443 
 0.27692 
 0.34084 
 0.30605 
 0.27086 
 0.17059 
 0.00651 
-0.06256 
-0.18882 
-0.23333 
-0.30691 
-0.06582 
-0.09969 
-0.19706 
 0.20644 
 0.08815 
 0.25448 
 0.30252 
 0.11432 
 0.21409 
 0.06371 
-0.11007 
-0.15834 
-0.25772 
-0.14645 
-0.11086 
-0.14823 
 0.08413 
 0.19531 
 0.15633 
 0.23913 
 0.09731 
 0.08420 
 0.11929 
-0.12140 
-0.17060 
-0.13234 
-0.23261 
-0.25567 
-0.10724 
-0.09521 
-0.00223 
 0.16433 
 0.19096 
 0.18990 
 0.21765 
 0.14018 
 0.09359 
 0.03758 
-0.09290 
-0.14948 
-0.11439 
-0.16206 
-0.06849 
-0.10842 
 0.00799 
 0.08743 
 0.13659 
 0.10545 
 0.15389 
 0.17781 
 0.13412 
 0.02865 
-0.01333 
 0.02252 
-0.16276 
-0.03946 
-0.08239 
-0.10697 
 0.01448 
-0.06707 
-0.05000 
 0.04799 
 0.04575 
 0.07181 
-0.00872 
-0.00872 
 0.04944 
-0.00697 
-0.00740 
-0.10849 
-0.04664 
-0.02443 
-0.12302 
-0.00681 
-0.04450 
-0.02961 
 0.03685 
-0.06677 
 0.01870 
 0.01599 
-0.00051 
-0.01060 
 0.01010 
 0.06835 
 0.02150 
-0.00658 
 0.13593 
 0.07764 
 0.10759 
 0.09929 
 0.03978 
 0.04921 
 0.07455 
-0.10661 
-0.05936 
-0.09712 
-0.08411 
 0.03843 
-0.10025 
-0.04088 
 0.07198 
 0.03560 
-0.06615 
 0.07020 
-0.02671 
 0.03161 
-0.03801 
-0.09455 
 0.01922 
 0.00127 
-0.04809 
-0.01020 
-0.00180 
 0.03656 
 0.06133 
 0.04100 
 0.02301 
 0.05049 
 0.04539 
-0.05079 
 0.01761 
-0.00404 
 0.02832 
 0.05563 
-0.07725 
 0.07201 
 0.09491 
 0.02156 
 0.10460 
-0.02022 
 0.10539 
 0.02509 
-0.08500 
-0.02740 
-0.05383 
-0.01699 
-0.05448 
-0.09126 
-0.01646 
 0.00756 
 0.01563 
-0.02549 
-0.02262 
 0.05695 
 0.02005 
-0.05353 
 0.03883 
-0.04842 
-0.04018 
 0.05323 
-0.06041 
 0.00163 
 0.02367 
 0.06400 
 0.02881 
 0.03402 
 0.09642 
 0.04315 
 0.06011 
 0.01708 
 0.06562 
-0.00078 
-0.00938 
 0.01053 
-0.01791 
 0.00805 
-0.04938 
-0.00842 
 0.02993 
-0.07672 
-0.02806 
 0.01016 
-0.05389 
-0.04302 
-0.03900 
-0.05317 
-0.01712 
-0.00572 
 0.01135 
 0.01738 
-0.00812 
 0.03695 
 0.05946 
-0.02585 
 0.02598 
 0.01807 
-0.01481 
 0.00562 
-0.02325 
 0.04885 
 0.04766 
 0.00964 
 0.06351 
 0.00100 
 0.10371 
 0.04374 
-0.04658 
 0.09244 
 0.02146 
-0.04295 
-0.02242 
-0.03923 
 0.02347 
 0.04255 
-0.05511 
 0.00782 
 0.07122 
 0.06496 
 0.00258 
-0.02582 
 0.11481 
-0.01719 
-0.03745 
 0.02812 
-0.13205 
-0.03712 
-0.06496 
-0.20022 
-0.06480 
-0.00918 
 0.04097 
 0.03112 
 0.08947 
 0.14591 
 0.07952 
 0.02420 
-0.04730 
 0.02275 
-0.07986 
-0.14981 
-0.03438 
-0.09079 
-0.01122 
-0.01406 
 0.05125 
 0.12212 
 0.14934 
 0.16325 
-0.01323 
 0.13178 
 0.05665 
-0.10361 
-0.00707 
-0.13089 
-0.04714 
-0.07729 
-0.10595 
 0.06028 
 0.01929 
 0.02954 
 0.03250 
 0.07563 
 0.08417 
 0.00127 
-0.04239 
 0.04713 
-0.04114 
-0.06460 
-0.10361 
-0.07030 
 0.01843 
-0.02111 
 0.05507 
-0.04974 
 0.05062 
 0.04209 
-0.01389 
-0.04249 
 0.01026 
 0.10130 
-0.01415 
 0.01860 
 0.06456 
 0.06324 
 0.11343 
 0.03438 
 0.04552 
 0.05659 
 0.07633 
 0.06446 
-0.03037 
-0.05294 
 0.02927 
-0.12341 
-0.09452 
-0.04651 
-0.04832 
-0.06691 
 0.02858 
-0.05669 
-0.03551 
 0.06492 
-0.07623 
-0.05458 
 0.06950 
-0.07906 
 0.00647 
-0.00862 
-0.04144 
 0.13056 
-0.03498 
 0.03959 
 0.06947 
 0.00901 
 0.11666 
 0.00301 
-0.01870 
 0.07043 
-0.08358 
 0.03089 
-0.00516 
-0.04420 
 0.08222 
 0.05791 
 0.07138 
 0.06687 
 0.01494 
 0.01029 
-0.02216 
-0.07560 
-0.07768 
-0.10638 
-0.09574 
-0.07501 
-0.06473 
 0.00631 
-0.01521 
 0.08542 
 0.04585 
-0.00463 
 0.05178 
 0.01003 
 0.01224 
 0.00644 
-0.09920 
 0.00436 
-0.05264 
 0.01583 
-0.04242 
-0.03257 
 0.13155 
 0.05118 
 0.09418 
 0.06697 
 0.07768 
 0.16921 
-0.02012 
 0.02094 
 0.05138 
-0.06756 
 0.03085 
-0.02519 
-0.06483 
 0.05955 
 0.06835 
-0.04018 
 0.04025 
 0.00153 
 0.01138 
-0.05040 
-0.04035 
 0.06058 
-0.04239 
-0.00272 
-0.02183 
-0.02328 
 0.07263 
-0.01152 
-0.03784 
 0.01768 
 0.05270 
-0.02190 
-0.10737 
-0.06256 
-0.04882 
-0.04783 
-0.05069 
-0.04318 
 0.08259 
 0.09909 
 0.07626 
 0.06845 
 0.12222 
 0.10364 
 0.02486 
-0.01995 
-0.05307 
-0.09620 
-0.07106 
-0.13112 
-0.10140 
 0.01893 
-0.08605 
 0.08427 
 0.06960 
 0.14565 
 0.17732 
 0.14628 
 0.07211 
-0.02186 
-0.01643 
-0.11696 
-0.09841 
-0.14045 
-0.06523 
-0.00091 
-0.09320 
 0.05998 
 0.14239 
 0.04983 
 0.15339 
 0.03003 
 0.04618 
 0.02206 
-0.02967 
-0.10137 
-0.10536 
-0.01376 
-0.12539 
-0.05992 
 0.03016 
-0.03646 
 0.03247 
 0.12927 
 0.03382 
 0.16796 
 0.10608 
 0.05293 
 0.01916 
-0.03567 
 0.02562 
-0.11162 
-0.07656 
 0.00931 
-0.07425 
 0.03323 
 0.09883 
-0.03287 
 0.09046 
 0.11613 
-0.08542 
-0.06203 
-0.02849 
-0.04394 
-0.09037 
-0.02536 
-0.02961 
-0.05359 
 0.03125 
 0.00881 
-0.02272 
 0.07870 
 0.09277 
-0.00163 
 0.04295 
 0.00403 
 0.02927 
-0.06776 
-0.06796 
 0.00291 
-0.10542 
-0.02536 
 0.03922 
 0.02746 
 0.07959 
 0.07705 
 0.09082 
 0.11725 
 0.14414 
-0.00549 
-0.00611 
 0.02440 
-0.09412 
-0.12981 
-0.19248 
-0.11939 
-0.05287 
-0.11014 
-0.06147 
 0.11880 
 0.01807 
 0.08967 
 0.10479 
 0.03537 
 0.02094 
-0.00987 
 0.00225 
-0.06984 
-0.07020 
 0.01962 
-0.03208 
-0.01353 
 0.10446 
 0.01626 
 0.09237 
 0.13544 
 0.11095 
 0.13517 
 0.03843 
-0.07079 
 0.09132 
-0.04318 
-0.14809 
-0.04615 
-0.09027 
 0.07524 
-0.01583 
-0.01659 
 0.04285 
 0.04667 
 0.02763 
 0.00515 
-0.09343 
-0.07738 
-0.03343 
-0.10272 
-0.11399 
 0.08614 
 0.11293 
 0.00370 
 0.14588 
 0.09481 
 0.12898 
 0.12486 
-0.02012 
 0.01448 
-0.01073 
-0.22210 
-0.11218 
-0.07501 
-0.11396 
-0.02681 
 0.10990 
 0.13441 
 0.11774 
 0.25297 
-0.03409 
 0.04572 
 0.02944 
-0.09870 
-0.15244 
-0.12648 
-0.19152 
-0.11860 
-0.11340 
-0.11429 
 0.06815 
 0.09672 
 0.04522 
 0.10628 
 0.18885 
 0.05768 
 0.15040 
-0.02569 
-0.10223 
 0.09679 
-0.05992 
-0.09946 
 0.12443 
-0.08124 
 0.06581 
 0.18746 
-0.06901 
 0.06535 
 0.12295 
-0.11142 
-0.01402 
 0.00993 
-0.08213 
-0.05277 
-0.06318 
-0.12935 
-0.04756 
 0.02427 
-0.04002 
 0.08858 
 0.10951 
 0.01115 
 0.01122 
-0.02272 
 0.04832 
-0.04473 
-0.07936 
-0.02496 
-0.02674 
 0.01395 
-0.05808 
-0.02951 
 0.08318 
 0.07922 
 0.03418 
 0.12463 
 0.06255 
 0.06680 
 0.11603 
-0.02598 
-0.04499 
 0.06081 
-0.11956 
-0.04799 
 0.00456 
-0.14167 
 0.12288 
-0.08035 
-0.02598 
 0.15013 
-0.08404 
 0.02861 
-0.02081 
-0.11570 
 0.04305 
-0.09228 
-0.07590 
-0.04747 
-0.03429 
 0.07072 
-0.05145 
 0.11306 
 0.02786 
 0.09418 
 0.10203 
-0.05069 
 0.13771 
 0.09069 
-0.05844 
 0.06110 
-0.05145 
-0.05521 
 0.01876 
-0.09989 
 0.01820 
 0.02410 
-0.01860 
 0.05972 
 0.01619 
-0.00312 
 0.06374 
-0.01501 
-0.04242 
-0.02361 
 0.05768 
-0.02733 
-0.04483 
 0.04061 
-0.00941 
-0.04216 
-0.00885 
-0.02984 
-0.01300 
 0.05115 
-0.03873 
 0.04384 
 0.10634 
-0.01046 
 0.02008 
 0.03059 
-0.04895 
 0.03708 
 0.00865 
-0.03201 
 0.07079 
 0.00568 
 0.04591 
 0.01810 
 0.02025 
 0.08502 
 0.01290 
 0.01224 
 0.03336 
 0.03998 
-0.05333 
-0.01145 
-0.00239 
-0.01623 
 0.06417 
 0.04492 
-0.06826 
 0.03530 
 0.03718 
-0.03824 
-0.06404 
-0.10203 
-0.04173 
-0.06885 
-0.11857 
-0.03989 
 0.02104 
-0.00872 
 0.04545 
 0.09181 
-0.01672 
 0.04608 
 0.10591 
-0.07458 
 0.03165 
-0.00687 
-0.09333 
-0.03837 
-0.09231 
-0.00747 
-0.06009 
-0.00868 
 0.02608 
 0.06684 
 0.07438 
 0.10812 
 0.09507 
 0.05909 
 0.06285 
 0.01995 
 0.03349 
-0.02549 
-0.04974 
-0.04091 
 0.02565 
-0.02615 
-0.02730 
 0.05511 
 0.01431 
-0.01590 
 0.04028 
 0.01020 
-0.00022 
 0.00960 
-0.06038 
-0.03883 
-0.08559 
-0.06806 
 0.00202 
-0.04760 
-0.02463 
 0.07652 
 0.01372 
 0.05273 
 0.11379 
-0.02213 
 0.01807 
 0.07306 
-0.04417 
-0.05761 
 0.00225 
 0.01484 
 0.03629 
 0.00499 
 0.01494 
 0.08031 
 0.09603 
 0.04463 
 0.02209 
 0.09231 
 0.10726 
-0.01363 
-0.06407 
-0.02783 
-0.10641 
-0.13188 
-0.13112 
-0.13689 
-0.00071 
 0.02397 
-0.03386 
 0.05273 
 0.04440 
 0.06476 
 0.07860 
-0.01066 
 0.03316 
 0.06377 
-0.05636 
-0.09356 
-0.04266 
-0.01798 
-0.05168 
-0.01672 
-0.00730 
 0.04278 
 0.13781 
 0.15204 
 0.04914 
 0.11260 
 0.11468 
-0.01201 
-0.04509 
 0.02927 
-0.14144 
-0.06476 
 0.04011 
-0.11814 
 0.03464 
 0.04371 
 0.01039 
 0.15570 
-0.00410 
 0.04964 
 0.01955 
-0.04144 
 0.02782 
-0.13633 
-0.13630 
-0.05883 
-0.09056 
-0.04094 
-0.05208 
 0.00001 
 0.06021 
 0.13303 
 0.04146 
 0.12107 
 0.10845 
-0.01178 
-0.01060 
-0.01626 
-0.06644 
-0.04404 
-0.02364 
-0.00447 
 0.00522 
 0.09715 
 0.11880 
 0.03919 
 0.11560 
 0.05903 
 0.03148 
 0.00163 
-0.05149 
-0.03284 
-0.02849 
-0.11712 
-0.07442 
-0.01277 
-0.01534 
-0.01738 
 0.04697 
 0.05148 
 0.05194 
 0.05656 
-0.04621 
-0.07989 
-0.03639 
-0.07867 
-0.12944 
-0.06760 
 0.01145 
 0.00265 
 0.01372 
 0.05438 
 0.09949 
 0.05046 
 0.06700 
-0.01284 
-0.07554 
 0.04479 
-0.15215 
-0.16266 
-0.01554 
-0.08107 
 0.01501 
 0.05754 
 0.10878 
 0.18881 
 0.14634 
 0.11824 
 0.09764 
 0.07738 
 0.02146 
-0.08714 
-0.08206 
-0.09995 
-0.04839 
-0.06756 
-0.09053 
 0.01356 
 0.06156 
 0.04608 
 0.05530 
 0.01629 
 0.05754 
 0.00285 
-0.04315 
-0.01475 
-0.06526 
-0.02572 
-0.04836 
-0.06163 
-0.03290 
 0.02384 
 0.04199 
 0.01349 
 0.09445 
 0.10806 
 0.04947 
 0.06311 
 0.02226 
-0.01804 
 0.05642 
-0.00737 
-0.03860 
 0.06203 
 0.02904 
 0.00845 
 0.16061 
-0.03728 
-0.01155 
 0.12516 
-0.04789 
 0.00835 
-0.05567 
-0.01386 
-0.00305 
-0.10839 
 0.02113 
-0.04961 
-0.08351 
-0.03185 
-0.00417 
-0.00776 
-0.03211 
 0.03425 
-0.06289 
 0.01537 
 0.00183 
-0.06098 
 0.02361 
 0.02196 
-0.04414 
 0.00838 
 0.06344 
-0.00938 
 0.06097 
 0.07039 
 0.02677 
 0.11679 
 0.05922 
 0.05270 
 0.05540 
-0.01412 
 0.04371 
 0.03491 
-0.00707 
 0.06041 
-0.05524 
-0.00773 
-0.01195 
-0.05073 
-0.05715 
-0.09600 
-0.03847 
-0.03587 
-0.07475 
 0.05464 
-0.04895 
 0.03978 
-0.04457 
-0.00209 
 0.08417 
-0.10150 
 0.00436 
 0.05431 
-0.02641 
-0.03600 
-0.04061 
 0.03636 
 0.03283 
-0.00621 
 0.03296 
 0.12888 
 0.06868 
 0.04875 
 0.07254 
 0.04044 
 0.03810 
 0.08133 
-0.07409 
-0.04892 
 0.03758 
-0.07495 
-0.02651 
-0.04167 
-0.01254 
 0.04374 
-0.00397 
-0.01768 
 0.02575 
 0.06186 
-0.05498 
-0.03102 
 0.05863 
-0.01224 
-0.01725 
 0.02357 
 0.00394 
-0.04987 
-0.02691 
-0.10615 
-0.05234 
 0.02716 
-0.05897 
-0.02872 
 0.01573 
 0.05824 
 0.05807 
 0.01965 
-0.03402 
 0.09544 
 0.04736 
-0.04434 
 0.06275 
 0.02400 
-0.02345 
-0.04009 
 0.00018 
-0.04862 
 0.06005 
 0.01250 
 0.00291 
 0.08048 
-0.00236 
 0.01639 
-0.01755 
-0.11686 
 0.06440 
 0.01679 
-0.20108 
 0.12638 
-0.03099 
-0.04539 
 0.10483 
-0.07445 
 0.07036 
 0.07797 
 0.08581 
 0.00476 
 0.06637 
 0.05115 
-0.12832 
-0.01462 
 0.00100 
-0.10869 
 0.07119 
-0.03386 
 0.04512 
 0.07560 
 0.00940 
 0.05033 
-0.02559 
 0.08446 
-0.00160 
-0.10697 
 0.02855 
-0.05883 
 0.00802 
-0.01504 
-0.07669 
 0.06904 
-0.00499 
 0.10193 
 0.02160 
 0.00242 
 0.07428 
-0.05949 
 0.05306 
-0.05666 
-0.03389 
 0.03570 
-0.05445 
-0.00453 
-0.05514 
 0.03082 
-0.00499 
 0.02736 
 0.01112 
 0.01250 
-0.02697 
 0.00015 
 0.03333 
 0.00456 
-0.00605 
-0.03989 
 0.03201 
 0.08453 
-0.01768 
-0.03613 
 0.02097 
 0.00753 
 0.02562 
-0.04269 
-0.00826 
 0.03583 
 0.03020 
-0.01254 
-0.00944 
 0.04852 
-0.03854 
-0.02842 
-0.06562 
-0.03244 
 0.02885 
 0.01056 
-0.01692 
 0.03184 
 0.07119 
 0.00094 
-0.00279 
 0.01840 
-0.01653 
 0.06542 
 0.01263 
-0.12776 
-0.03056 
-0.00404 
-0.09102 
-0.03366 
 0.06634 
 0.01016 
 0.02407 
 0.08980 
 0.05062 
 0.02048 
 0.05155 
-0.03817 
 0.01461 
 0.02025 
-0.02661 
 0.00812 
-0.03877 
 0.03530 
 0.04634 
-0.05560 
 0.06321 
 0.03033 
 0.01774 
 0.07468 
-0.04035 
-0.05264 
 0.00835 
 0.03273 
-0.07890 
-0.05761 
 0.05234 
 0.02608 
-0.05929 
 0.07181 
 0.09095 
 0.09356 
 0.13880 
-0.04193 
 0.01497 
 0.06967 
-0.10388 
-0.08032 
-0.09824 
-0.06325 
 0.00186 
-0.12783 
 0.03741 
 0.03487 
 0.06628 
 0.16110 
-0.06793 
 0.09857 
 0.05639 
-0.07758 
-0.07903 
-0.09972 
-0.03313 
-0.16651 
-0.07254 
 0.02127 
 0.01688 
 0.12437 
 0.08272 
 0.01254 
 0.09639 
 0.14674 
 0.02700 
-0.02994 
 0.00169 
 0.01010 
 0.01234 
-0.01201 
-0.06302 
 0.10239 
 0.00987 
-0.00430 
 0.06815 
 0.03642 
 0.02852 
 0.07329 
-0.03356 
-0.04147 
-0.03336 
-0.10437 
-0.09712 
-0.10279 
-0.04868 
-0.05910 
 0.02436 
-0.04262 
 0.00865 
 0.09494 
-0.03798 
 0.05181 
 0.03570 
 0.09151 
 0.06756 
 0.01197 
 0.08061 
-0.02107 
-0.03646 
 0.07665 
-0.01099 
 0.01342 
 0.08034 
-0.01241 
-0.00681 
 0.00792 
-0.02134 
-0.00236 
-0.06203 
-0.00140 
 0.02258 
-0.08124 
 0.02828 
-0.02035 
-0.08358 
 0.06357 
-0.00351 
 0.01319 
 0.06624 
-0.02499 
-0.03350 
-0.01949 
-0.01541 
 0.00351 
-0.04503 
-0.01807 
-0.03333 
 0.07039 
 0.02726 
-0.07471 
 0.07807 
 0.09465 
 0.02005 
-0.01979 
 0.02710 
 0.08259 
 0.05415 
-0.03369 
-0.02074 
 0.05458 
-0.01755 
-0.00733 
-0.00911 
-0.01870 
 0.11890 
-0.01326 
-0.02569 
 0.04334 
 0.01662 
-0.06170 
-0.12902 
-0.02934 
-0.12374 
-0.05537 
-0.03145 
-0.09771 
 0.05774 
 0.06924 
 0.03945 
 0.14114 
 0.02608 
 0.06519 
 0.08387 
-0.05073 
-0.05030 
-0.00190 
-0.02091 
-0.05429 
 0.03543 
 0.06087 
 0.06838 
 0.07142 
 0.08219 
 0.05148 
 0.06413 
-0.03989 
 0.02216 
-0.08997 
-0.05554 
-0.00486 
-0.20579 
 0.03820 
 0.01132 
-0.08612 
 0.15059 
 0.38130 
 0.22176 
 0.25096 
 0.21241 
-0.03343 
-0.17313 
-0.81875 
-0.52737 
 0.16753 
-0.40701 
 0.01346 
 0.23142 
 0.19257 
 0.65627 
 0.40994 
 0.10970 
-0.00687 
-0.22730 
-0.37505 
-0.41255 
-0.30292 
-0.17360 
 0.00924 
 0.08763 
 0.05438 
 0.39050 
 0.33125 
 0.13731 
 0.15105 
-0.01834 
-0.01247 
-0.11060 
-0.20022 
-0.15748 
-0.11561 
-0.12081 
-0.03445 
 0.06894 
 0.20545 
 0.21890 
 0.16064 
 0.06084 
 0.06090 
 0.02133 
-0.15587 
-0.15617 
-0.13336 
-0.08401 
-0.06470 
-0.06226 
-0.03593 
 0.02265 
 0.05484 
 0.03237 
 0.04990 
 0.08087 
 0.13392 
 0.07570 
-0.07646 
 0.02990 
 0.00344 
-0.16961 
-0.08994 
-0.14203 
-0.09030 
-0.00938 
 0.07352 
 0.09801 
 0.19965 
 0.21992 
 0.09830 
 0.11718 
 0.04499 
 0.02130 
-0.08216 
-0.09455 
-0.18490 
-0.04055 
 0.00964 
-0.11939 
 0.03764 
 0.11353 
 0.08796 
 0.11194 
 0.07893 
 0.07929 
 0.03448 
-0.10282 
-0.16206 
-0.15317 
-0.15136 
-0.10981 
-0.11534 
-0.01234 
 0.07402 
 0.12522 
 0.11385 
 0.11517 
 0.16226 
 0.11824 
 0.01329 
-0.08674 
-0.01613 
-0.06223 
-0.16671 
-0.01214 
 0.01003 
 0.03408 
 0.08450 
 0.11811 
 0.10918 
 0.07679 
 0.09791 
-0.05966 
-0.02859 
-0.03037 
-0.10434 
-0.14127 
-0.06631 
 0.00143 
-0.01392 
 0.04723 
 0.05728 
 0.04697 
 0.08170 
 0.06186 
-0.06341 
-0.00951 
-0.00747 
-0.09102 
-0.08381 
-0.02506 
-0.05102 
 0.02931 
 0.06898 
 0.01020 
 0.07787 
 0.10183 
 0.08209 
 0.02842 
 0.02881 
 0.11026 
 0.02881 
-0.06628 
-0.04233 
-0.04427 
-0.08694 
-0.04575 
 0.01029 
 0.05781 
 0.02934 
 0.15728 
 0.06028 
 0.12318 
 0.09774 
 0.06321 
 0.04749 
-0.06391 
-0.07389 
-0.13663 
-0.05030 
-0.12098 
-0.05353 
-0.02397 
-0.07528 
 0.06160 
-0.04312 
 0.07814 
 0.06262 
-0.12173 
