0.08638
0.02503
0.01344
0.11074
-0.01987
-0.03793
0.04011
-0.05292
-0.04141
-0.04017
-0.00678
0.06397
-0.15051
0.08696
0.09106
-0.09799
0.14735
-0.03403
0.01352
0.10991
-0.10938
0.05904
-0.00144
-0.13436
0.06625
-0.08411
-0.05831
0.09558
-0.05599
0.07188
0.03303
-0.0383
0.14545
-0.05773
-0.07811
0.13807
-0.10284
-0.04584
0.07404
-0.13991
0.05361
0.03609
-0.08635
0.09955
-0.00235
0.02549
0.10606
-0.02898
0.08099
0.07544
-0.0972
-0.05508
-0.03896
-0.06663
-0.0564
-0.07194
-0.03693
-0.05002
-0.11149
-0.00106
0.23082
0.26748
0.16641
0.13538
0.04355
-0.08324
-0.16667
-0.16439
-0.22408
-0.21306
-0.09741
-0.11729
-0.02144
0.14242
0.15158
0.28313
0.29138
0.25414
0.22817
0.05026
-0.04091
-0.08358
-0.27246
-0.23899
-0.32482
-0.41512
-0.21584
-0.16799
-0.05963
0.13286
0.24548
0.42074
0.35028
0.28612
0.26135
0.04533
0.01194
-0.13432
-0.29255
-0.20743
-0.31061
-0.28191
-0.13705
-0.10222
0.1626
0.2198
0.2517
0.37857
0.26681
0.18037
0.07196
-0.04903
-0.04708
-0.20101
-0.21816
-0.12173
-0.20511
-0.10528
-0.08374
-0.02625
0.16028
0.12043
0.10498
0.15377
0.09321
0.07532
-0.07015
-0.12189
-0.0224
-0.15598
-0.11473
-0.08735
-0.09737
0.0561
-0.03159
0.00772
0.143
0.06807
0.11844
0.00925
-0.0634
0.11645
-0.10454
-0.14384
-0.00728
-0.07326
0.11914
0.05009
0.01248
0.17763
0.12192
0.13385
-0.01713
-0.02944
0.04086
-0.27698
-0.26732
-0.15022
-0.13776
0.00822
-0.01378
0.05502
0.11662
0.22991
0.13675
0.0834
0.23645
0.07979
-0.16153
-0.03035
-0.21559
-0.04965
-0.08304
-0.2848
0.05701
0.0293
-0.20561
0.12979
0.23509
0.16227
0.17685
0.06409
0.1476
0.06513
-0.18108
-0.06088
-0.11468
-0.14277
0.02831
-0.23684
-0.04804
0.08012
-0.07252
0.14748
0.07047
0.0351
0.24072
-0.07318
-0.02169
0.04487
-0.09981
0.04831
-0.1378
-0.00529
0.14247
-0.11216
0.02702
0.04077
-0.03002
0.10891
-0.18423
0.09056
0.15854
-0.16721
0.03638
0.00093
-0.05678
0.04761
-0.21575
0.06463
0.27166
-0.17437
0.05676
0.1756
-0.13125
0.01302
-0.06966
-0.23613
-0.09128
0.02371
-0.06771
-0.19446
0.11914
0.24134
0.0776
0.33765
0.4224
0.10436
0.26706
-0.09037
-0.48011
-0.07413
-0.40079
-0.61436
-0.00189
-0.05201
0.01555
0.33785
0.15754
0.45951
0.42356
-0.1226
0.14354
0.07093
-0.3104
-0.21493
-0.28837
-0.32668
-0.17301
-0.09194
-0.1506
0.11873
0.29063
0.12528
0.28848
0.25004
0.09988
0.18136
-0.18402
-0.15184
0.11206
-0.10847
-0.12761
0.06074
-0.02699
0.01729
0.13675
-0.04543
0.05697
0.21044
0.01165
-0.14621
0.13306
-0.1699
-0.27553
0.0781
-0.25531
-0.11361
0.24088
-0.16588
0.06206
0.25327
-0.08643
0.14561
-0.00231
-0.08461
0.1464
-0.09919
-0.17425
-0.10143
-0.02401
0.0358
-0.03495
0.10088
0.10187
0.13944
0.18815
0.04202
0.12403
0.11977
-0.07318
-0.11949
-0.10284
-0.06502
-0.10114
-0.14985
0.12341
0.09458
-0.00794
0.02205
0.03154
0.11148
0.00544
-0.21994
0.05871
-0.09936
-0.20966
0.0916
-0.18382
-0.07724
0.13849
-0.097
0.11786
0.05734
0.15096
0.23293
-0.16331
0.14565
0.14358
-0.17359
0.03763
-0.0615
-0.00442
0.05221
-0.12889
0.12267
0.05564
-0.00541
0.17221
-0.0704
0.03286
0.10108
-0.2312
-0.0342
0.01472
-0.1665
0.01016
-0.12939
0.0293
0.11173
-0.05847
0.0701
-0.01146
0.08174
0.0759
-0.0523
-0.01705
0.00039
0.04322
-0.10101
-0.10039
0.09893
-0.0494
0.04396
-0.02699
0.02789
0.26748
-0.03611
-0.02575
0.25861
-0.04638
0.0141
0.09997
-0.20635
0.04384
0.00929
-0.23854
0.05117
-0.03109
-0.069
0.03311
-0.09522
-0.01291
0.05072
-0.02244
0.01807
-0.03565
0.04782
0.08323
-0.17425
0.00581
0.1283
-0.11435
0.00884
0.01426
0.01194
0.18459
-0.19579
-0.02418
0.26673
-0.10313
0.08079
0.10179
-0.03432
0.1698
-0.04625
-0.04033
0.06124
-0.01544
-0.00293
-0.0885
0.12867
-0.02931
-0.09356
0.09976
-0.17682
0.05125
0.14715
-0.24338
0.06571
0.07818
-0.04862
0.13074
-0.11941
-0.05065
0.038
-0.13676
-0.01713
0.01418
-0.05019
0.02462
0.01932
-0.03847
0.0042
0.08874
0.05722
-0.02695
0.07897
0.05121
0.00175
0.07043
-0.00889
0.01928
0.04819
-0.02629
0.03311
-0.00794
0.01853
0.01836
-0.01208
-0.03648
-0.02364
-0.06191
-0.01171
-0.04978
-0.06365
-0.01763
-0.06912
0.04972
0.05067
-0.06622
0.07383
0.03663
-0.03789
0.07383
-0.05528
-0.02815
0.00544
-0.0598
-0.02177
-0.01196
0.04798
0.05018
-0.01614
0.1288
0.08215
-0.01767
0.15961
-0.01809
-0.04493
0.12565
-0.08026
-0.03416
0.05026
-0.08279
0.03357
-0.00243
-0.03403
0.0793
-0.05702
0.00817
-0.00028
-0.08722
0.03108
-0.10677
-0.0591
0.09752
-0.15909
0.08153
0.04156
-0.09633
0.10287
-0.05321
0.01012
0.08849
-0.08109
0.11388
0.03319
-0.09488
0.10966
-0.01154
-0.06477
0.12436
-0.02513
-0.01635
0.11608
-0.0448
0.02247
0.04947
-0.07537
0.00117
-0.00897
-0.0436
0.00304
-0.02405
-0.0091
-0.00483
-0.00007
-0.01349
-0.05404
-0.00943
0.01393
-0.02625
0.00971
0.03237
-0.06369
-0.04348
0.0363
-0.08983
0.00706
0.04819
-0.07285
0.0976
0.04674
-0.04041
0.08443
0.02396
0.00113
-0.02049
-0.04352
-0.01013
-0.06904
-0.01233
0.04206
-0.03267
0.09922
0.07652
0.00146
0.12528
0.02342
-0.01738
0.01754
-0.06817
-0.03287
-0.06191
-0.05408
0.06952
0.01928
0.03829
0.0759
0.00416
0.08518
0.06993
-0.07181
0.01679
0.0322
-0.06668
-0.04195
-0.02848
-0.05897
0.00113
-0.02911
-0.04646
0.02412
-0.03793
0.00884
-0.00603
-0.06684
0.02106
-0.00906
-0.02244
0.01418
-0.02471
0.04293
-0.00077
-0.04567
0.10287
0.0638
0.01948
0.11053
0.09657
0.05494
0.01141
0.02942
0.01107
-0.10843
-0.01581
-0.02335
-0.15453
-0.04108
0.00482
-0.10255
0.04471
0.14114
0.05274
0.01207
-0.05578
-0.03014
-0.00748
-0.12711
-0.06307
-0.0011
-0.02206
-0.04344
-0.0564
-0.02973
0.03241
0.06061
0.00643
0.10403
0.19225
0.0636
0.07271
0.17022
0.0148
-0.03689
-0.02989
-0.15466
-0.00665
-0.02161
-0.20449
0.06335
0.08427
-0.07206
0.04686
0.08725
0.05805
0.04463
-0.00864
-0.03838
-0.06924
-0.13776
-0.12483
-0.25374
-0.02003
0.15216
0.04732
0.00374
0.15783
0.0742
0.01497
-0.00748
0.00304
0.10378
0.07047
-0.07384
-0.0337
0.10581
0.05747
-0.01805
0.07793
0.10001
-0.04949
0.02209
0.03439
-0.08092
-0.05939
0.01563
-0.18452
-0.11207
0.00109
-0.11526
-0.04273
0.03526
0.05871
0.16922
-0.06311
-0.03354
0.07772
-0.132
0.02644
-0.0238
-0.09037
0.07428
-0.21319
-0.14215
0.08182
0.08439
0.06832
0.01439
0.30103
0.16053
-0.07546
-0.01738
0.02495
0.03365
-0.11862
-0.11261
0.05693
-0.0098
0.0269
-0.00197
-0.04638
0.09027
0.08754
-0.03805
-0.01896
0.01219
0.05312
-0.06125
-0.07513
-0.01519
-0.02865
-0.03594
-0.14484
0.07163
0.08091
0.03274
0.13364
-0.02024
0.19138
-0.01262
-0.30307
0.14922
0.09073
-0.06054
-0.0646
-0.10661
0.20307
-0.04572
-0.15428
0.20344
0.10933
0.0247
0.15779
-0.18721
-0.01548
0.03953
-0.24235
-0.00235
-0.03524
0.00929
0.08253
-0.16787
0.07254
0.18612
-0.00338
-0.075
0.10452
0.12345
-0.08416
-0.08395
-0.02111
-0.04646
0.08518
-0.14277
-0.23696
0.1855
-0.0296
0.06463
0.12068
0.07631
0.14507
-0.07359
-0.09869
-0.04704
0.10448
0.06803
-0.14666
0.27647
-0.0096
-0.19206
0.24445
-0.24235
0.05859
0.16185
-0.36914
0.13522
-0.02302
-0.21994
0.16069
-0.12061
0.11662
0.1259
-0.09203
-0.01502
0.03216
0.15266
-0.04928
-0.14438
0.11173
-0.12599
-0.04033
-0.01142
-0.00177
0.21044
0.05283
-0.00893
0.00896
-0.07587
0.07126
-0.0407
-0.01009
0.0807
0.07511
-0.05512
0.00387
0.05399
-0.0673
0.07586
-0.01523
-0.10263
0.1119
-0.10922
-0.13626
0.0201
-0.08126
0.09504
-0.03143
-0.04679
0.13464
-0.03246
0.06654
0.10291
-0.09356
0.06563
-0.04704
-0.11866
-0.01585
-0.1315
0.08713
0.10001
-0.0692
0.12813
0.01981
0.01571
0.07549
-0.0591
0.21268
-0.03147
-0.16108
0.05792
-0.10379
0.07022
-0.00989
-0.12309
0.18749
-0.05843
-0.14633
0.04206
-0.06713
0.02855
0.07217
-0.18552
0.14205
0.12875
-0.16174
0.19317
-0.00446
-0.03888
0.11024
-0.25386
0.10336
0.09769
-0.15656
0.25513
0.06405
-0.03267
0.2565
-0.05557
-0.03466
0.14582
-0.04472
-0.00682
-0.07956
-0.1093
-0.06589
-0.08627
0.03887
-0.02625
0.02131
0.17714
-0.1653
-0.01374
0.07839
-0.18659
-0.09277
-0.13312
-0.03287
0.15456
-0.16857
0.06389
0.11624
0.02607
0.11997
-0.10893
0.09454
0.0766
-0.06775
0.0696
-0.06742
0.15249
0.03903
-0.03648
0.16893
0.00188
0.1481
0.03489
-0.10242
0.13613
-0.0697
-0.1141
-0.08619
-0.11982
0.0001
-0.10839
-0.01018
-0.00251
-0.07156
0.12569
-0.04228
-0.04489
0.18144
-0.07438
-0.12077
-0.00574
-0.02732
-0.01357
-0.01063
0.04823
0.10398
0.04761
0.04711
0.02947
0.10345
0.1534
-0.00591
0.01762
0.11749
-0.01105
0.01671
-0.07032
-0.02103
0.11778
-0.10114
-0.04364
0.05569
-0.11609
0.01029
-0.08242
-0.12048
0.04798
-0.11328
0.01762
0.01861
-0.10429
0.14077
-0.00632
-0.12405
0.15241
-0.05346
-0.05537
0.01232
-0.10304
0.02387
0.02445
-0.03192
0.11107
0.13232
0.06476
0.11256
0.05954
0.03812
0.07739
-0.04348
0.0071
0.05461
-0.01117
-0.09008
-0.06108
0.01356
-0.12558
-0.07885
0.04268
-0.02654
-0.02807
0.02897
-0.00574
0.04521
-0.01867
-0.0504
0.03208
-0.06199
-0.0632
0.03746
-0.05197
-0.03184
0.05875
-0.01374
-0.03503
0.02636
-0.03201
0.00486
0.0467
-0.04087
0.01857
0.05577
-0.01987
0.02404
0.09243
0.07752
0.06389
0.10593
0.08791
0.03663
-0.00297
-0.02745
-0.03524
-0.08117
-0.03184
-0.07521
-0.12214
0.04951
-0.033
0.00776
0.08104
0.01588
0.11591
-0.02724
-0.02136
0.11546
-0.14815
-0.03051
-0.04335
-0.15718
0.0484
-0.08407
0.02276
0.13894
-0.03283
0.17266
0.07822
-0.09596
0.14172
-0.07339
-0.12069
0.05345
-0.11083
-0.05069
0.02151
-0.06386
0.12764
0.07072
-0.03312
0.12871
0.0561
-0.01647
0.02586
-0.09372
-0.01167
0.00875
-0.07798
0.00267
-0.07301
-0.01262
0.07325
-0.07119
0.0392
0.14172
-0.05491
0.04065
-0.00355
-0.0999
0.01551
-0.07964
-0.07877
-0.02355
-0.0936
-0.00628
-0.00235
0.01306
0.06206
0.06612
0.10792
0.02317
0.00329
0.06389
-0.04928
-0.03946
0.0172
0.00146
-0.02264
-0.01192
0.06285
0.05125
0.0235
0.0491
0.03294
0.01865
0.01012
-0.02339
-0.02981
-0.02331
0.00399
-0.00541
-0.08859
-0.01867
0.09885
-0.0197
0.04616
0.0578
-0.02911
0.00213
-0.08478
-0.06179
0.06277
-0.01523
-0.03254
0.05511
0.05726
0.00606
0.03249
0.03725
0.03352
0.01381
-0.05164
0.037
0.02777
-0.08747
-0.02815
0.01969
-0.05454
0.04483
0.05767
-0.06025
0.05233
0.06596
-0.0342
-0.03532
0.01136
0.01049
-0.01921
-0.14848
-0.02509
-0.03076
-0.097
-0.00815
0.00838
0.03754
0.05067
-0.09869
0.03452
0.16231
-0.01216
-0.05847
-0.00512
-0.10242
-0.06738
-0.10549
-0.03466
0.09276
0.06277
0.12151
0.02905
0.0496
0.109
-0.10354
0.0788
0.13729
-0.17251
0.02375
0.01716
-0.08784
0.11732
-0.03507
-0.03669
0.1389
-0.00993
0.08207
0.03879
-0.02716
0.18062
-0.00558
-0.18547
0.00109
0.01617
0.00793
-0.05176
-0.15387
0.11086
-0.10561
-0.27163
0.08497
0.00014
0.03667
0.26093
-0.1443
0.07847
0.10195
-0.22408
0.04326
0.02441
-0.16663
0.21959
-0.06021
-0.12578
0.22668
-0.07496
-0.00202
0.10336
-0.05371
0.14963
0.02938
-0.05719
0.07445
0.00188
-0.03474
-0.06357
0.1261
0.05825
-0.10354
-0.03983
-0.09517
0.09466
-0.02111
-0.32138
0.14918
-0.10851
-0.29752
0.00329
-0.2421
0.07636
0.15129
0.04222
0.31723
0.14951
0.27112
0.13625
-0.0255
0.17531
-0.07467
-0.15134
-0.32291
-0.23626
0.08344
-0.24048
0.08373
0.24933
0.09653
0.49654
-0.00711
0.00536
0.33984
-0.29661
-0.15027
-0.23858
-0.34503
-0.01548
-0.39992
-0.0547
0.43781
0.38512
0.59943
0.43138
0.1754
-0.25138
-1.45805
-1.42599
-0.31107
-0.12516
0.63829
1.17495
0.64943
0.71459
0.21773
-0.36723
0.24267
0.11724
-0.14451
-0.0125
-0.71377
-0.5678
-0.38525
-0.72028
0.31346
0.71736
0.47032
0.73807
0.33301
0.01563
0.00743
-0.31865
-0.47282
-0.2708
-0.20068
-0.34785
-0.26956
-0.01216
0.09703
0.2304
0.18107
0.14549
0.32108
0.27555
0.07743
-0.14761
-0.16717
-0.21828
-0.4601
-0.33845
0.03928
0.23782
0.42898
0.44684
0.33669
0.12283
-0.05653
-0.15967
-0.10553
-0.11278
0.0037
-0.00413
-0.21045
-0.15482
-0.20672
-0.25883
-0.0499
0.14379
0.08141
0.22481
0.32771
-0.01639
0.1855
0.15618
-0.24168
-0.02111
-0.19496
-0.28066
0.1102
-0.03246
0.09549
0.23757
-0.05537
0.04545
-0.00802
-0.00707
0.23376
-0.07608
0.0916
0.19665
-0.26898
-0.258
-0.0494
-0.15047
0.01948
-0.03623
-0.1221
0.12739
0.32998
0.43379
0.24258
0.19665
-0.05292
-1.21738
-0.79939
0.29349
-0.40207
0.29784
0.69118
-0.0248
0.32874
-0.1076
-0.20221
0.61799
0.10871
0.31607
0.26251
-0.79148
-0.17512
-0.28323
-0.58101
0.42712
0.22411
0.25078
0.5088
-0.19906
0.04284
0.12846
-0.26554
-0.07848
-0.08196
-0.15126
-0.10217
-0.04944
0.12138
0.1959
0.15158
-0.09948
-0.11203
-0.04112
-0.089
0.1039
0.11314
0.17995
-0.06788
-0.29736
-0.08975
-0.11564
0.13484
0.40082
0.09168
0.13832
-0.01125
-0.22143
-0.15602
-0.06879
0.1189
0.14238
0.02686
0.02777
-0.02952
-0.05458
-0.12612
-0.10358
0.0706
-0.01937
-0.05238
0.03547
-0.0284
0.11732
0.17067
-0.04228
0.04301
-0.07144
-0.09596
-0.06639
-0.17541
0.10046
0.10481
-0.18655
0.00267
0.09574
-0.00587
0.20099
0.12047
0.13936
0.08655
-0.0866
-0.0774
-0.14931
-0.09343
0.07652
-0.10888
0.14189
-0.0499
-0.23187
-0.00703
-0.36533
-0.04978
0.35654
-0.00243
0.92137
0.20634
-0.61245
1.25656
-0.71593
-0.95336
0.37157
-1.25023
-0.15432
0.27253
-0.53412
0.84718
0.70962
0.03079
0.75203
-0.00616
-0.16928
0.09856
-0.34632
-0.25858
-0.13506
-0.2242
-0.18063
-0.00371
0.08771
0.03825
0.30463
0.19967
0.09562
0.26847
-0.03428
-0.00868
0.14309
-0.1665
-0.11456
-0.06688
-0.23195
-0.07848
-0.01747
-0.06001
0.12254
0.07847
-0.01854
0.08787
-0.05992
-0.01966
0.06198
-0.0591
0.08352
-0.07107
-0.13904
0.03121
-0.10512
0.03829
-0.07765
0.0136
0.24275
-0.04311
0.1102
0.1686
-0.06129
0.06795
-0.04302
-0.10806
0.04289
-0.07653
-0.02177
0.07897
0.00221
0.08663
0.01791
-0.047
0.04914
-0.07504
-0.04671
-0.00856
-0.14592
-0.00338
-0.04944
-0.12289
0.02064
-0.04447
0.02507
0.03866
-0.05036
0.15195
0.05076
-0.0622
0.13211
-0.02894
-0.03979
0.06103
-0.02654
0.0766
0.07383
-0.00479
0.06646
-0.03035
0.00254
0.04251
-0.03764
-0.00554
0.009
-0.00413
-0.01013
-0.0547
0.01472
-0.00144
-0.07343
0.01149
0.00043
-0.04021
0.00093
-0.04017
-0.05943
0.00581
-0.00628
0.00896
0.01484
0.01008
0.03381
-0.00798
-0.00007
0.05067
0.00851
0.06302
-0.03399
-0.02828
0.11132
-0.05437
-0.00309
0.13493
0.00503
0.0083
0.01704
-0.01614
-0.01979
-0.05292
0.00333
-0.03702
-0.05118
0.03419
-0.07508
0.00192
0.05138
-0.06162
0.04458
0.05631
0.02271
0.10303
-0.02161
-0.07363
0.00142
-0.07305
-0.15109
-0.09712
0.01526
0.02081
-0.04108
0.00105
0.12006
0.11782
0.08862
0.07155
0.01965
-0.05334
-0.11228
-0.10342
-0.08511
-0.06344
0.0624
0.044
0.08543
0.17821
0.14329
0.0549
0.01364
0.01232
-0.03093
-0.1168
-0.06518
-0.05036
-0.01051
-0.01581
-0.0388
0.0421
0.11028
0.0752
0.03261
0.10548
0.11902
0.03477
-0.09455
-0.05359
-0.06117
-0.14919
-0.10321
-0.09766
0.0508
0.02085
-0.21041
0.05121
0.10688
-0.10507
0.06298
0.07859
-0.04012
0.07942
-0.11357
-0.09778
0.07698
0.01629
0.0638
0.01008
0.1387
0.19975
0.03224
-0.05122
0.04024
0.04363
-0.0074
-0.28377
-0.018
0.09934
-0.10603
0.00623
0.06219
0.10175
0.05026
-0.06593
-0.00823
-0.02057
-0.10304
-0.07976
-0.03764
-0.06191
-0.04538
-0.1395
-0.06539
0.14354
0.00863
0.1061
0.16628
0.01232
0.17183
-0.08387
-0.1098
0.10788
-0.05483
0.08907
-0.00674
-0.14376
0.26611
-0.0009
-0.17591
0.1365
0.08804
0.08116
-0.1105
-0.05644
0.24441
-0.19463
-0.15698
-0.02099
-0.11899
0.04342
0.00507
-0.06079
0.08012
0.06434
-0.13842
-0.18726
0.06795
-0.01233
0.0042
0.02557
0.00006
0.08953
0.03332
-0.1465
0.01033
0.09607
0.17954
0.05635
-0.00574
0.25472
-0.0277
-0.11667
-0.01962
0.02284
0.09512
-0.09372
-0.01987
0.03535
-0.06415
0.01899
-0.11282
0.13
0.19325
-0.10673
-0.09178
-0.01796
-0.05777
-0.08113
-0.18112
-0.09178
0.19076
0.03924
-0.18726
0.11956
0.09168
0.02607
0.04703
-0.06473
0.0713
0.06066
-0.18705
-0.17338
0.01679
0.07834
0.02089
0.08609
0.06571
0.06836
0.12739
-0.07044
-0.00098
0.15684
-0.03619
0.00428
-0.0009
-0.03598
0.10539
-0.13883
-0.11796
0.07553
-0.0965
0.02648
0.0414
0.0795
0.1645
-0.07314
-0.03731
-0.01651
-0.00015
0.0433
-0.03383
0.01451
0.02855
-0.07401
-0.11974
-0.04128
0.00445
0.02429
0.08882
-0.09078
0.13116
-0.00015
-0.32341
0.16711
0.01078
-0.17168
0.30314
-0.01047
0.04827
0.15493
-0.08088
0.05801
-0.00491
0.10452
0.03456
-0.11945
-0.00897
0.01078
-0.01163
-0.17856
0.00759
0.09301
-0.08287
0.15257
-0.0436
-0.02032
0.11368
-0.0528
-0.05632
-0.0842
0.10208
-0.05081
-0.14877
0.11393
-0.08192
-0.11535
0.14785
-0.05943
-0.04265
0.2261
-0.02529
0.04889
0.12171
-0.14293
0.19607
-0.12309
-0.17736
0.33156
-0.22731
-0.02364
0.24772
-0.1752
0.15266
0.18206
-0.13626
0.05353
-0.00769
-0.05591
-0.11477
-0.04157
0.04098
-0.08892
0.07201
-0.14807
-0.06697
0.1872
-0.31107
0.07917
0.15079
-0.16385
0.12325
-0.02244
-0.02061
0.22568
-0.08614
0.07288
0.06182
-0.00839
0.20315
-0.11149
-0.04389
0.06111
-0.0279
0.00523
-0.02571
0.11136
0.037
-0.07463
0.115
-0.04389
-0.1105
0.08431
-0.06995
0.01153
0.15671
-0.15983
-0.06394
0.02151
-0.10748
-0.04058
-0.15594
0.0527
0.15025
-0.13883
0.01153
0.02383
0.03166
0.10672
-0.09915
0.04574
0.12126
0.01344
0.02429
-0.02128
0.00279
0.09371
-0.02563
-0.11112
0.05805
0.10001
-0.07202
0.03622
-0.01461
-0.0557
0.0083
-0.08416
0.05092
0.01658
-0.01113
0.13807
-0.08237
-0.00363
0.13223
-0.06419
0.0165
0.04537
0.00354
-0.0733
-0.04468
0.03738
-0.04679
0.02661
0.00109
0.01083
0.11533
-0.05773
0.05693
0.12465
-0.10052
0.14077
0.02495
-0.08353
0.05279
-0.10714
-0.01341
-0.03238
-0.01556
0.0636
-0.13995
0.04376
0.03009
-0.08648
0.09139
-0.01399
-0.10101
0.03543
-0.02708
-0.00798
0.00358
-0.0632
0.16724
0.01981
-0.02803
0.15332
-0.09977
0.0037
0.08978
-0.16133
0.03286
0.00026
-0.16083
0.10854
-0.0103
-0.02169
0.16612
-0.06759
0.09686
0.03232
-0.03925
0.108
-0.11021
-0.03205
0.02739
-0.16066
0.05043
-0.11162
-0.08867
0.193
-0.07368
0.0636
0.14068
-0.0733
0.10626
0.02802
-0.07107
0.07366
-0.08358
-0.02331
0.03816
-0.13597
0.08675
0.06148
-0.06353
0.12938
0.03344
0.01646
0.06335
-0.09165
-0.00214
-0.00554
-0.11174
-0.0079
-0.00127
-0.06568
0.01596
0.01049
-0.01962
0.07143
0.02797
-0.05089
0.0491
0.00913
-0.01328
0.05063
-0.05027
0.04777
0.01248
-0.07931
0.07167
0.03174
-0.01262
0.05788
-0.04145
0.02396
0.04831
-0.06017
0.01828
0.02122
-0.06266
0.00606
0.05958
0.00279
0.04616
-0.00409
-0.03437
-0.0697
-0.02927
0.02876
-0.13419
-0.0545
0.0317
-0.11468
0.0404
0.00051
-0.01568
0.20083
-0.02405
-0.00902
0.14661
-0.09733
-0.02269
-0.00119
-0.12777
-0.03163
-0.09302
-0.08208
0.03038
0.02408
0.16442
0.07888
0.04202
0.17494
0.00204
-0.05939
0.00349
-0.1023
-0.011
-0.02144
-0.05951
0.03179
0.01712
0.01339
0.05395
0.02926
0.04264
0.00366
-0.0091
0.02818
-0.00189
-0.00483
-0.03942
-0.0429
0.02681
0.00101
0.02073
0.03539
-0.01954
0.02934
0.01542
-0.06995
0.00532
0.00929
-0.03988
-0.02405
-0.0219
0.00602
0.02942
-0.0564
-0.04335
0.00759
0.06206
0.00175
-0.00458
0.06799
0.02652
0.01633
-0.05727
0.00221
0.06691
0.04264
0.07412
0.02847
0.06153
0.07992
-0.10855
-0.05164
-0.00844
-0.06187
-0.1081
-0.11311
0.06861
-0.0009
-0.10296
0.13633
0.00432
-0.00392
0.10046
-0.03677
0.04251
0.09255
-0.01834
-0.09811
0.04218
0.01948
-0.12222
-0.06025
0.0165
0.03071
0.09997
-0.0958
-0.02853
0.10369
-0.05997
-0.06083
0.03473
0.10577
0.05378
-0.08341
0.04467
0.04628
-0.09638
-0.00036
0.03046
0.01658
0.03377
0.00536
-0.04924
0.00594
0.00722
-0.09853
-0.103
0.01683
0.02122
-0.02716
-0.03271
0.01493
0.08717
0.04898
-0.05765
0.06472
0.11165
0.07383
-0.04435
0.02097
0.05867
-0.00587
-0.15681
-0.15267
0.02466
0.08447
-0.111
-0.06059
0.24921
0.02826
-0.06021
0.09326
-0.11348
0.07254
0.09512
-0.18262
0.10274
-0.01423
-0.01457
0.00519
-0.17122
0.07756
0.01733
-0.14293
0.13228
-0.08358
0.0375
0.01257
-0.1018
0.24569
-0.18402
-0.03524
0.18331
-0.22888
0.19424
0.06124
-0.30369
0.29685
0.03112
-0.17893
0.07167
-0.0267
0.17502
0.08663
-0.29292
0.1539
0.02362
-0.13655
0.03369
-0.0774
0.13464
0.10871
-0.0574
0.04036
-0.01163
0.04305
-0.04621
-0.04543
0.07122
0.06666
0.07482
-0.13834
0.04475
0.1401
-0.2182
0.00441
0.02586
-0.03412
0.15419
-0.18688
-0.08979
0.18182
-0.2312
-0.09066
0.04562
-0.0294
0.17105
-0.03478
0.04728
0.09897
-0.01096
-0.00454
-0.19351
0.207
0.14499
-0.18104
0.08104
0.01381
-0.08221
0.10403
-0.14322
0.09707
0.18836
-0.02695
0.17705
-0.13353
-0.05201
0.23156
-0.34847
-0.07057
0.12486
-0.11419
0.04417
-0.12467
0.04885
0.15721
-0.20983
0.05921
0.14263
-0.08991
0.05842
-0.10599
-0.02409
0.09582
-0.10445
0.00043
0.03742
-0.00156
-0.00632
0.03352
0.04541
0.12519
0.05606
0.04802
0.06061
0.01642
0.04417
-0.0272
-0.07786
0.03547
0.00817
-0.14028
-0.06494
0.11289
0.03535
-0.04928
-0.01916
0.12619
-0.09832
-0.03292
0.00942
-0.12777
0.00664
-0.10975
-0.11154
0.02578
-0.05272
0.09197
0.06376
0.00718
0.07225
0.02015
0.04065
0.06459
-0.00218
0.03257
0.05962
-0.00284
-0.05951
0.07694
-0.03573
0.08124
0.0416
-0.08826
0.23952
-0.05483
-0.17769
0.24631
-0.17143
-0.10888
0.11069
-0.16795
0.06695
-0.08155
-0.14654
0.11691
-0.14534
0.11935
0.09218
-0.20614
0.22825
0.04711
-0.23236
0.14387
-0.03532
-0.1083
0.08224
-0.15109
-0.02703
0.03609
-0.05657
0.24345
-0.04696
0.06405
0.39286
-0.12657
-0.04161
0.11351
-0.10495
0.0315
-0.07695
-0.09857
0.11852
-0.12491
0.03767
0.13418
-0.0057
0.13596
-0.02869
-0.03221
0.03406
-0.16195
-0.06726
-0.00719
-0.06726
-0.02824
0.01505
0.08435
-0.0231
0.18024
-0.02003
-0.04924
0.122
-0.16439
0.08464
-0.04638
-0.02173
0.25509
-0.30129
0.10175
0.0986
-0.25945
0.14785
0.04061
-0.0726
0.11811
0.06401
-0.10122
0.10229
0.06024
-0.02426
0.07897
-0.07073
-0.00736
0.11885
-0.19562
-0.01713
0.0793
-0.15362
0.10001
-0.05325
-0.09004
0.15365
-0.16186
-0.12338
0.07424
-0.02869
0.07644
-0.02658
0.08302
0.12726
-0.03478
0.12664
-0.06191
-0.07637
0.06757
-0.20606
-0.02157
0.01315
-0.08855
0.09048
-0.02989
0.06898
0.1696
0.0119
0.11736
0.04989
-0.07687
0.03518
-0.08221
-0.06407
0.05092
-0.04
0.00051
0.08878
-0.07852
0.01621
0.02466
-0.08403
0.05569
-0.02906
-0.0238
0.04276
-0.07227
0.00088
-0.00786
-0.07214
0.08472
0.02006
-0.02157
0.04715
0.05573
0.07669
-0.0079
-0.0081
0.04421
-0.07608
-0.00504
0.02764
-0.0463
0.11152
0.04057
-0.02008
0.03299
0.05453
-0.05296
-0.01991
0.02897
-0.10205
-0.0224
0.00805
-0.10859
0.06078
0.02313
-0.01473
0.05751
-0.02716
0.09698
0.06621
-0.06361
0.04065
-0.02422
-0.11336
-0.04754
-0.13962
0.03224
-0.01622
-0.11655
0.14433
0.04011
0.00967
0.16297
-0.06742
0.01592
0.05283
-0.11796
0.00084
-0.07798
-0.06556
0.03729
-0.07894
0.06484
0.12453
0.00113
0.17929
0.11707
0.0298
0.10556
-0.11878
-0.06601
-0.03776
-0.21633
-0.0458
-0.04555
-0.03648
0.11173
0.01853
0.08638
0.12962
0.01803
0.14918
0.02466
-0.08552
0.07312
-0.1175
-0.10329
-0.00815
-0.17644
0.04947
0.03804
-0.12458
0.1387
0.05324
-0.08213
0.10104
-0.04733
-0.06531
0.00544
-0.07235
0.02213
0.01865
0.0088
0.06447
0.00627
0.06463
0.00192
-0.00549
0.0957
-0.04062
-0.00848
-0.00069
-0.05417
0.02611
-0.10379
0.00581
0.10448
-0.07761
0.07176
0.04666
-0.01552
0.08265
-0.02505
-0.04683
-0.08287
-0.07086
0.01522
-0.1549
-0.08888
0.00623
-0.08142
0.14897
0.03903
-0.00264
0.29564
0.03278
0.04144
0.10664
-0.08457
0.05142
-0.04431
-0.07198
-0.01063
-0.04253
0.07983
0.04471
0.05121
0.12743
0.05117
-0.04261
-0.11091
-0.0149
-0.0504
-0.18001
-0.00098
-0.03826
-0.09128
0.07122
-0.02289
-0.00844
0.14889
0.04508
-0.06879
0.04823
0.00527
-0.06713
-0.06382
-0.05417
0.02781
-0.01523
-0.06257
0.00507
0.07963
0.10096
-0.00777
0.0351
0.13729
0.03497
-0.03345
0.01257
0.0259
0.04922
-0.09613
-0.12537
0.09591
0.01091
-0.0511
-0.00318
0.03497
0.09367
-0.13697
-0.17027
0.08278
-0.11091
-0.09153
0.03212
-0.10578
0.07677
0.09814
-0.04878
0.10034
0.10738
0.11442
-0.07885
-0.06365
0.12258
-0.04874
-0.15267
-0.01034
-0.07049
0.101
-0.09816
-0.19815
0.30447
0.1312
-0.03022
0.0841
-0.00413
0.13766
0.04653
-0.2066
0.13356
-0.04261
-0.13299
0.08062
-0.07815
0.03323
0.04525
-0.18986
0.0252
-0.04754
-0.02339
-0.06684
-0.09613
0.10668
0.03005
0.11496
0.20476
0.12217
0.39158
0.06372
-0.09414
0.20319
-0.1706
-0.25999
-0.32536
-0.2549
-0.00736
-0.15727
-0.05487
0.18182
0.0812
0.21814
0.02947
0.08369
0.21595
-0.18668
-0.05412
-0.05785
-0.22296
-0.01515
-0.18982
-0.17843
0.03054
-0.02413
0.09487
0.03605
0.11861
0.3026
0.05614
-0.05499
0.14031
0.00262
-0.05918
-0.08121
0.04276
0.14934
-0.05238
-0.03205
-0.0504
0.09226
-0.03979
-0.04754
0.16305
-0.02177
0.02615
-0.04398
-0.31765
0.08075
0.06538
-0.14803
0.04699
0.10717
0.13116
0.12751
-0.17197
0.03949
0.19532
-0.17769
-0.06506
0.01741
-0.15308
0.07275
-0.12732
-0.10719
0.18501
0.13658
-0.04377
-0.07645
0.28392
0.12631
-0.10512
0.14802
-0.14215
0.00068
0.13149
-0.37867
0.04301
0.23417
-0.22541
0.02093
0.04922
0.00043
0.09487
-0.02442
0.03257
0.13182
-0.0021
-0.17284
-0.1274
0.01054
-0.06187
0.03386
-0.02459
0.01845
0.16993
-0.02306
-0.02956
0.17204
0.03688
-0.00815
-0.16683
-0.0668
0.03717
-0.12309
-0.07881
0.07014
0.06878
0.02727
-0.00885
-0.00931
0.1703
-0.01047
-0.06759
0.09259
-0.06431
-0.09298
-0.03988
-0.12487
0.06467
0.01952
-0.08714
0.0759
-0.02699
-0.02612
0.07346
-0.13494
-0.0366
0.11007
-0.08747
0.00871
0.01534
-0.03093
0.14449
0.06803
-0.05988
0.19118
0.08128
-0.09488
0.0032
0.0672
0.12047
-0.19529
0.02462
0.13468
-0.25995
0.2408
0.09338
-0.05997
0.32626
-0.07069
0.03605
0.00805
-0.08076
0.10854
-0.18846
-0.02575
-0.01067
-0.18349
0.17523
-0.10984
-0.13726
0.165
-0.09406
-0.04004
-0.04327
0.01952
0.12196
-0.05127
-0.02828
-0.06618
0.02868
0.10038
-0.27983
0.11803
0.22713
-0.16315
0.15299
0.06455
-0.06001
0.21628
-0.06262
0.09562
0.15626
-0.05603
0.0928
-0.14906
-0.03478
0.00142
-0.15105
-0.08764
-0.0482
0.07172
-0.10396
-0.19529
0.07652
0.01778
-0.08155
0.0696
-0.01366
0.03746
0.2297
-0.0772
-0.11104
0.18368
-0.06999
-0.14153
-0.07732
-0.01018
0.1372
-0.0721
0.01567
0.13327
0.10477
0.19341
0.08336
0.04483
0.09657
0.0841
-0.11104
-0.13469
0.02744
-0.08995
-0.09298
0.01008
-0.00272
0.07466
-0.02848
-0.04729
-0.01063
-0.04804
-0.03109
-0.14786
0.01915
0.0194
-0.08863
0.08153
-0.0475
0.01754
0.09922
-0.06568
0.06339
0.0515
0.03543
0.00527
0.01741
0.14851
0.06298
-0.01643
0.10895
0.06745
0.01476
0.02267
0.02951
-0.02824
-0.01498
0.01567
-0.15312
-0.0306
-0.03304
-0.12496
-0.02148
-0.05715
-0.03093
0.05258
-0.04377
-0.00409
0.10229
-0.00856
-0.00835
0.03145
0.00291
-0.11945
-0.04041
0.01178
-0.10089
-0.02153
0.01812
-0.05201
0.12573
0.04077
-0.01328
0.14984
0.01331
-0.05566
0.10991
0.01952
-0.02724
0.10253
-0.05093
0.02619
0.12184
-0.09584
0.07934
0.00822
-0.14074
0.15071
-0.0965
-0.0914
0.11061
-0.12508
0.01919
0.03348
-0.08565
0.1655
0.0148
-0.01382
0.11405
-0.0593
-0.02782
0.05784
-0.10652
-0.04915
0.03237
-0.09671
-0.0144
-0.00177
-0.02393
0.08029
-0.00131
0.02723
0.06447
-0.04344
0.03448
0.04906
-0.07823
0.0078
-0.01154
-0.09526
0.03514
-0.02413
0.01501
0.07379
-0.04443
0.07192
0.06774
-0.04505
0.06733
0.03232
-0.01693
-0.00529
-0.05765
0.05204
-0.04605
-0.02608
0.02872
-0.09948
0.06074
-0.00491
-0.13076
0.09056
-0.05218
-0.05516
0.01662
-0.07749
0.09852
-0.01883
-0.07368
0.12072
-0.05296
0.00494
0.02677
-0.04932
0.13629
0.01016
-0.04733
0.12764
0.01294
0.03199
0.05084
-0.02277
0.03444
-0.00926
-0.03619
-0.03983
0.016
0.04533
-0.01635
0.01248
-0.01962
-0.05711
0.01124
-0.05939
-0.00168
0.05453
-0.01279
-0.02314
-0.00197
-0.03801
-0.02012
0.00697
-0.06137
0.01236
0.03112
-0.01233
0.03444
0.00399
0.01373
0.07611
0.03439
0.03742
0.03763
-0.00877
-0.01287
-0.06112
-0.01444
-0.0074
-0.05748
0.0269
0.04367
0.01099
0.10055
0.06583
-0.02732
0.05142
-0.00019
-0.14906
-0.06618
0.00246
-0.04261
-0.03441
-0.05085
0.01091
0.03725
-0.06125
0.0467
0.0107
0.00552
0.03497
-0.07666
-0.04273
-0.02227
-0.03093
-0.01945
-0.06489
0.06898
0.09537
-0.02873
0.07192
0.07056
0.009
0.10448
-0.0376
0.02698
0.06066
-0.11688
-0.03553
-0.0127
-0.01175
0.04802
-0.08933
0.08874
0.09268
-0.07641
0.0894
0.06762
0.0525
0.17341
-0.15826
0.02603
0.06559
-0.15105
-0.01747
-0.05769
-0.06788
0.12892
-0.11646
-0.05205
0.07105
0.00606
0.00465
-0.1146
0.03941
0.17357
-0.18137
-0.02074
0.13807
-0.04584
0.10481
-0.02003
-0.00197
0.1423
-0.01776
-0.10797
-0.03975
-0.0342
-0.06531
-0.17487
0.03021
0.13339
0.05573
0.13124
0.03145
0.08696
0.13323
-0.13121
-0.07931
0.04711
-0.04675
-0.03316
-0.18054
-0.14273
0.05299
-0.11232
-0.16095
0.09214
0.12138
0.04471
-0.10164
0.07954
0.06289
-0.03184
0.03995
0.01766
0.16235
0.04732
-0.13498
0.04728
-0.02695
0.04935
0.10904
-0.14525
0.16566
0.12233
-0.18879
-0.02761
-0.08937
0.01373
0.14652
-0.23978
0.17581
0.11707
-0.23783
0.22614
-0.08432
0.04504
0.15966
-0.36052
0.03953
0.08389
-0.2696
-0.12454
-0.01672
0.11989
0.06111
-0.01225
0.0083
0.2531
0.1073
-0.11924
-0.05603
0.03456
0.13903
-0.00549
-0.02422
0.12768
-0.01013
-0.01473
-0.10847
-0.04323
0.16508
0.0602
-0.05412
0.08684
-0.0272
-0.14911
-0.08826
0.02201
0.00581
0.06993
0.01385
-0.13212
-0.00367
0.06264
-0.07608
-0.00322
0.07118
0.01323
-0.06282
-0.16228
0.00122
0.11434
-0.07276
-0.04402
0.11674
0.12967
0.115
0.07818
-0.05769
0.12254
0.11496
-0.14732
0.0013
-0.06469
-0.10172
0.01484
-0.11361
-0.1781
0.07822
0.04169
-0.11112
0.15063
0.23877
-0.10967
-0.07923
0.03899
-0.01635
0.01803
-0.07036
0.00416
0.07031
-0.08971
0.06989
0.05125
0.1114
0.16355
-0.03308
0.0677
-0.02906
-0.04497
-0.01821
-0.00326
-0.02836
-0.01854
0.02222
0.04479
-0.08954
0.0124
0.15899
-0.00628
-0.16348
0.06724
0.02992
-0.15851
-0.11444
0.0735
-0.08005
-0.13527
-0.07939
0.04106
0.06198
0.07138
0.05705
0.08203
0.04769
-0.04104
-0.02086
-0.025
0.07453
0.06041
-0.04758
0.14773
-0.13747
0.08965
0.1283
-0.1827
0.26404
-0.04224
-0.1378
0.26429
-0.29748
0.01824
0.19573
-0.30021
0.16885
-0.00678
-0.19918
0.23612
-0.26554
0.0684
0.20713
-0.3353
0.22817
-0.07906
-0.23531
0.2797
-0.24728
0.04682
0.12987
-0.11195
0.16935
-0.11108
0.11624
0.17767
-0.11241
0.2838
-0.04451
0.01451
0.09868
-0.26153
0.17817
-0.02596
-0.17243
0.22117
-0.23862
-0.05723
0.2331
-0.17574
0.02445
0.08638
-0.05595
-0.01403
-0.03714
0.06542
-0.03192
-0.05131
-0.03847
-0.08921
0.06708
-0.05951
-0.0574
0.23426
-0.05657
0.06948
0.10456
-0.1641
0.1838
0.03332
-0.11655
0.14686
-0.05615
0.06252
0.0556
-0.14716
0.07573
0.01223
-0.03975
0.02242
-0.0533
0.052
-0.03851
-0.00434
0.10548
-0.05984
0.04326
0.01265
-0.17218
0.06401
-0.03482
-0.19798
0.07602
-0.07169
0.07756
0.06861
-0.1537
0.23463
0.0315
-0.14828
0.11115
-0.06726
0.01418
0.0928
-0.17802
0.07561
0.01563
-0.08515
0.06699
-0.14703
0.16806
0.17979
-0.2025
0.16699
0.1698
0.04003
0.11873
-0.06738
0.0189
-0.03867
-0.11315
0.01025
-0.09944
0.0117
0.05896
-0.14115
0.05337
0.11803
-0.08088
0.04396
0.03294
-0.07202
-0.03134
-0.07947
-0.05943
-0.01941
0.0001
0.01522
0.05212
0.037
0.09106
0.01493
0.01749
0.06832
-0.06767
-0.10031
-0.09294
-0.02455
-0.00438
-0.06788
0.10647
0.09802
0.07652
0.10792
0.04053
0.08418
0.01919
-0.04891
-0.02749
-0.09472
-0.04986
-0.01585
-0.10035
-0.00893
0.1015
-0.01196
0.00494
0.07963
-0.01428
-0.04095
0.00084
-0.07488
-0.06344
-0.04754
-0.08904
-0.01341
0.02242
0.00735
0.09479
0.13012
-0.00388
0.10775
0.10904
-0.04157
0.06807
0.00229
-0.07513
0.04313
-0.09227
-0.00189
0.05676
-0.0815
0.09806
0.05548
-0.00885
0.06422
-0.06303
0.02135
0.00532
-0.09111
0.0095
-0.12827
-0.09956
0.02507
-0.14003
0.00043
0.09243
-0.04994
0.11687
0.07114
-0.01096
0.15365
-0.01047
-0.0405
0.04757
-0.11493
-0.07931
0.02619
-0.09915
0.00134
0.08021
-0.02517
0.07781
0.10386
0.06343
0.07097
0.02487
0.0614
0.00681
-0.06568
-0.02873
-0.05823
-0.04369
-0.04033
-0.01974
0.02686
0.03046
-0.02641
-0.00935
-0.02902
-0.04986
0.00407
0.02971
-0.01444
-0.01908
0.02951
-0.01279
-0.06684
0.02027
-0.01055
-0.04683
0.04102
-0.01817
-0.04795
0.00532
0.01232
0.00209
0.0061
0.04181
0.11256
0.00846
0.03232
0.13812
0.01559
0.0363
-0.01933
-0.05491
-0.08867
-0.2428
-0.10789
-0.11704
-0.13055
0.10643
0.05838
0.15112
0.25534
0.12528
0.16918
0.13903
0.06041
-0.02194
-0.13134
-0.05491
-0.1274
-0.12993
-0.02012
-0.01751
0.09355
0.059
-0.02285
0.07785
-0.04841
-0.103
-0.04969
-0.09944
-0.06436
-0.04899
-0.01055
0.09918
0.07979
0.14528
0.12088
0.05573
0.08145
0.0544
-0.10793
-0.06945
-0.08913
-0.08155
-0.16824
-0.05955
0.05635
0.01356
0.06206
0.1341
0.15303
0.21889
-0.02347
-0.05081
0.06041
-0.0982
-0.11232
-0.16783
-0.07044
-0.0125
-0.20121
-0.02182
0.07863
-0.08237
0.13923
0.00055
0.0001
0.15054
-0.07198
-0.02061
0.02802
-0.11796
0.01787
-0.0151
0.01161
0.04363
0.06347
0.10953
0.01348
0.11943
0.12656
-0.03718
-0.00549
0.00175
-0.0086
-0.06427
-0.18344
0.02226
0.10846
-0.04443
-0.15035
0.11844
0.09897
-0.08424
0.01613
-0.06431
-0.05707
-0.08577
-0.19711
0.05979
0.04371
0.05581
0.20265
0.05428
0.02342
0.07134
-0.10379
-0.11692
-0.00744
0.08037
-0.07131
-0.05537
0.07018
0.00627
0.10303
0.03932
0.11318
0.23376
0.00407
0.03999
-0.02732
0.06592
0.08178
-0.24939
-0.11017
0.03
-0.37316
-0.34466
-0.05036
0.03999
0.27365
0.14789
0.04218
0.2681
-0.07624
-0.26306
0.03609
-0.05955
0.06588
0.06853
-0.2032
-0.01428
0.03398
-0.05002
-0.11332
0.09566
0.06144
-0.10089
0.23098
0.35011
0.4929
0.47202
-0.1612
-0.59493
-0.95729
-1.29551
-0.38061
0.69371
0.96652
1.03217
0.55292
0.03025
-0.28862
-0.38592
0.01509
0.02669
0.15079
0.09471
-0.6832
-0.74993
-0.364
-0.1257
0.56895
0.59666
0.54496
0.5989
-0.13548
-0.33629
-0.27196
-0.40787
0.11861
-0.09169
-0.30572
0.20228
0.03154
-0.22719
0.10494
0.229
0.25232
0.19602
-0.01245
0.19718
-0.00926
-0.09377
-0.10536
-0.56602
-0.25883
-0.02674
-0.15114
0.47045
0.55267
0.30981
0.28334
-0.27329
-0.357
-0.12748
-0.15789
-0.07757
0.04761
0.02942
-0.05992
-0.24752
-0.1844
0.08112
0.23811
0.02425
0.21205
0.26288
-0.06129
-0.0139
-0.0156
-0.11323
0.08539
-0.09894
-0.21033
0.10013
0.10953
0.02528
0.11612
0.02172
-0.02351
-0.02757
-0.16911
0.08485
0.11931
0.18894
0.07611
-0.1199
-0.15151
-0.10772
-0.2525
0.13981
0.05316
-0.25995
0.24138
-0.00168
0.09918
0.33947
0.00656
0.31138
-0.92987
-0.30581
0.4634
-0.59506
0.47981
0.3997
-0.51739
0.27526
-0.46209
-0.15598
0.74168
0.13008
0.56042
0.41767
-0.46793
-0.12338
-0.5601
-0.3889
0.1541
0.05312
0.1783
0.07743
-0.06179
-0.0308
-0.05905
0.09959
0.08973
0.29428
0.14151
-0.30241
0.09098
-0.03544
-0.17052
0.04102
-0.28157
-0.22072
0.01658
-0.08838
0.00333
0.52504
0.38739
-0.13635
0.08845
-0.04099
-0.29711
0.20733
-0.10271
-0.01092
0.25679
-0.42005
-0.19397
0.05063
-0.22474
0.28189
0.13716
0.0409
0.26334
-0.16269
-0.13308
-0.02418
-0.12997
0.06538
-0.04008
-0.01316
0.13981
-0.00914
0.12221
0.17237
-0.0081
0.14255
-0.01208
-0.26442
0.0602
-0.06427
-0.09542
0.01874
-0.06282
0.12598
0.05618
-0.00351
0.28516
0.17995
0.16024
0.01654
-0.24541
-0.02973
-0.27358
-0.24653
0.01132
-0.23154
0.27373
-0.0405
-0.35344
0.0462
-0.30187
-0.09762
0.33483
0.3053
1.05628
0.16724
-0.00168
0.69363
-1.03724
-0.47054
-0.08867
-1.19584
-0.00616
0.08174
-0.11531
0.85136
0.52661
0.36126
0.75195
-0.12193
-0.06742
-0.03263
-0.54444
-0.28828
-0.15664
-0.47721
-0.1902
0.00362
-0.06634
0.19764
0.24842
0.07462
0.19515
0.16902
-0.15014
0.04429
-0.00491
-0.19343
0.0334
-0.14157
-0.23315
0.14557
0.04396
0.13546
0.35239
0.12581
0.04678
0.04065
-0.1221
-0.08076
0.02437
-0.05139
-0.06622
-0.0511
-0.06957
-0.11796
-0.02757
0.09781
0.07097
0.0752
0.1669
0.09143
0.06401
-0.00566
-0.13788
-0.10031
-0.15847
-0.20747
-0.03114
-0.0364
0.08116
0.09102
0.04661
0.19917
0.02445
0.0061
0.08145
-0.09513
0.06708
